1611991563.881369,eth0,0.00,0.00,0.00,0,0,0.00,0.00,0.00,0,0,0.00,0.00,0,0
1611991563.881477,s1-eth1,0.00,0.00,0.00,0,0,0.00,0.00,0.00,0,0,0.00,0.00,0,0
1611991563.881500,s3-eth1,0.00,0.00,0.00,0,0,0.00,0.00,0.00,0,0,0.00,0.00,0,0
1611991563.881507,s2-eth1,0.00,0.00,0.00,0,0,0.00,0.00,0.00,0,0,0.00,0.00,0,0
1611991563.881513,s1-eth2,0.00,0.00,0.00,0,0,0.00,0.00,0.00,0,0,0.00,0.00,0,0
1611991563.881519,lo,0.00,0.00,0.00,0,0,0.00,0.00,0.00,0,0,0.00,0.00,0,0
1611991563.881528,s3-eth2,0.00,0.00,0.00,0,0,0.00,0.00,0.00,0,0,0.00,0.00,0,0
1611991563.881537,s2-eth2,0.00,0.00,0.00,0,0,0.00,0.00,0.00,0,0,0.00,0.00,0,0
1611991563.881543,total,0.00,0.00,0.00,0,0,0.00,0.00,0.00,0,0,0.00,0.00,0,0
1611991564.882861,eth0,3263.74,3334.67,6598.40,3338,3267,31.97,30.97,62.94,31,32,0.00,0.00,0,0
1611991564.882918,s1-eth1,5010248.00,61804.20,5072052.00,61866,5015258,1011.99,936.06,1948.05,937,1013,0.00,0.00,0,0
1611991564.882959,s3-eth1,4996531.50,63870.13,5060401.50,63934,5001528,998.00,952.05,1950.05,953,999,0.00,0.00,0,0
1611991564.882974,s2-eth1,4996025.00,62536.46,5058561.50,62599,5001021,1003.00,942.06,1945.05,943,1004,0.00,0.00,0,0
1611991564.882989,s1-eth2,62536.46,4996025.00,5058561.50,5001021,62599,942.06,1003.00,1945.05,1004,943,0.00,0.00,0,0
1611991564.883003,lo,27957.04,27957.04,55914.09,27985,27985,184.82,184.82,369.63,185,185,0.00,0.00,0,0
1611991564.883016,s3-eth2,65088.91,5014447.50,5079536.50,5019462,65154,959.04,996.00,1955.05,997,960,0.00,0.00,0,0
1611991564.883030,s2-eth2,63870.13,4996531.50,5060401.50,5001528,63934,952.05,998.00,1950.05,999,953,0.00,0.00,0,0
1611991564.883043,total,15225521.00,15226507.00,30452028.00,15241733,15240746,6082.92,6042.96,12125.87,6049,6089,0.00,0.00,0,0
1611991565.883301,eth0,1072.00,1680.00,2752.00,1680,1072,13.00,12.00,25.00,12,13,0.00,0.00,0,0
1611991565.883330,s1-eth1,4566133.00,62238.00,4628371.00,62238,4566133,1012.00,943.00,1955.00,943,1012,0.00,0.00,0,0
1611991565.883351,s3-eth1,4571721.00,63404.00,4635125.00,63404,4571721,1013.00,948.00,1961.00,948,1013,0.00,0.00,0,0
1611991565.883359,s2-eth1,4570474.00,63089.00,4633563.00,63089,4570474,1014.00,947.00,1961.00,947,1014,0.00,0.00,0,0
1611991565.883367,s1-eth2,63089.00,4570474.00,4633563.00,4570474,63089,947.00,1014.00,1961.00,1014,947,0.00,0.00,0,0
1611991565.883375,lo,11454.00,11454.00,22908.00,11454,11454,73.00,73.00,146.00,73,73,0.00,0.00,0,0
1611991565.883382,s3-eth2,63539.00,4558290.00,4621829.00,4558290,63539,948.00,1009.00,1957.00,1009,948,0.00,0.00,0,0
1611991565.883390,s2-eth2,63404.00,4571721.00,4635125.00,4571721,63404,948.00,1013.00,1961.00,1013,948,0.00,0.00,0,0
1611991565.883397,total,13910886.00,13902350.00,27813236.00,13902350,13910886,5968.00,5959.00,11927.00,5959,5968,0.00,0.00,0,0
1611991566.883689,eth0,0.00,0.00,0.00,0,0,0.00,0.00,0.00,0,0,0.00,0.00,0,0
1611991566.883738,s1-eth1,4922146.00,62076.00,4984222.00,62076,4922146,1010.00,940.00,1950.00,940,1010,0.00,0.00,0,0
1611991566.883824,s3-eth1,4931856.00,62544.00,4994400.00,62544,4931856,1007.00,943.00,1950.00,943,1007,0.00,0.00,0,0
1611991566.883874,s2-eth1,4929140.00,62343.00,4991483.00,62343,4929140,1008.00,942.00,1950.00,942,1008,0.00,0.00,0,0
1611991566.883943,s1-eth2,62343.00,4929140.00,4991483.00,4929140,62343,942.00,1008.00,1950.00,1008,942,0.00,0.00,0,0
1611991566.884005,lo,3474.00,3474.00,6948.00,3474,3474,18.00,18.00,36.00,18,18,0.00,0.00,0,0
1611991566.884021,s3-eth2,62790.00,4925752.00,4988542.00,4925752,62790,945.00,1004.00,1949.00,1004,945,0.00,0.00,0,0
1611991566.884057,s2-eth2,62544.00,4931856.00,4994400.00,4931856,62544,943.00,1007.00,1950.00,1007,943,0.00,0.00,0,0
1611991566.884068,total,14974293.00,14977185.00,29951478.00,14977185,14974293,5873.00,5862.00,11735.00,5862,5873,0.00,0.00,0,0
1611991567.884302,eth0,0.00,0.00,0.00,0,0,0.00,0.00,0.00,0,0,0.00,0.00,0,0
1611991567.884338,s1-eth1,5150405.00,63492.00,5213897.00,63492,5150405,1027.00,962.00,1989.00,962,1027,0.00,0.00,0,0
1611991567.884382,s3-eth1,5136900.00,63852.00,5200752.00,63852,5136900,1022.00,964.00,1986.00,964,1022,0.00,0.00,0,0
1611991567.884394,s2-eth1,5126903.00,63672.00,5190575.00,63672,5126903,1022.00,963.00,1985.00,963,1022,0.00,0.00,0,0
1611991567.884417,s1-eth2,63672.00,5126903.00,5190575.00,5126903,63672,963.00,1022.00,1985.00,1022,963,0.00,0.00,0,0
1611991567.884428,lo,2612.00,2612.00,5224.00,2612,2612,15.00,15.00,30.00,15,15,0.00,0.00,0,0
1611991567.884438,s3-eth2,63856.00,5142824.00,5206680.00,5142824,63856,964.00,1024.00,1988.00,1024,964,0.00,0.00,0,0
1611991567.884448,s2-eth2,63852.00,5136900.00,5200752.00,5136900,63852,964.00,1022.00,1986.00,1022,964,0.00,0.00,0,0
1611991567.884457,total,15608200.00,15600255.00,31208456.00,15600255,15608200,5977.00,5972.00,11949.00,5972,5977,0.00,0.00,0,0
1611991568.893621,eth0,262.64,262.64,525.27,265,265,3.96,3.96,7.93,4,4,0.00,0.00,0,0
1611991568.893661,s1-eth1,5075639.50,63452.93,5139092.00,64024,5121320,1035.68,961.35,1997.03,970,1045,0.00,0.00,0,0
1611991568.893692,s3-eth1,5084181.50,63990.09,5148171.50,64566,5129939,1036.67,965.31,2001.98,974,1046,0.00,0.00,0,0
1611991568.893704,s2-eth1,5075440.00,63721.51,5139161.50,64295,5121119,1034.69,963.33,1998.02,972,1044,0.00,0.00,0,0
1611991568.893715,s1-eth2,63721.51,5075440.00,5139161.50,5121119,64295,963.33,1034.69,1998.02,1044,972,0.00,0.00,0,0
1611991568.893726,lo,6658.08,6658.08,13316.15,6718,6718,47.57,47.57,95.14,48,48,0.00,0.00,0,0
1611991568.893736,s3-eth2,64189.30,5089653.00,5153842.50,5135460,64767,966.30,1034.69,2000.99,1044,975,0.00,0.00,0,0
1611991568.893747,s2-eth2,63990.09,5084181.50,5148171.50,5129939,64566,965.31,1036.67,2001.98,1046,974,0.00,0.00,0,0
1611991568.893757,total,15434082.00,15447360.00,30881444.00,15586386,15572989,6053.52,6047.57,12101.09,6102,6108,0.00,0.00,0,0
1611991569.894062,eth0,0.00,0.00,0.00,0,0,0.00,0.00,0.00,0,0,0.00,0.00,0,0
1611991569.894103,s1-eth1,3785826.00,53460.00,3839286.00,53460,3785826,889.00,810.00,1699.00,810,889,0.00,0.00,0,0
1611991569.894129,s3-eth1,3784312.00,53526.00,3837838.00,53526,3784312,888.00,811.00,1699.00,811,888,0.00,0.00,0,0
1611991569.894139,s2-eth1,3797542.00,53526.00,3851068.00,53526,3797542,891.00,811.00,1702.00,811,891,0.00,0.00,0,0
1611991569.894147,s1-eth2,53526.00,3797542.00,3851068.00,3797542,53526,811.00,891.00,1702.00,891,811,0.00,0.00,0,0
1611991569.894156,lo,0.00,0.00,0.00,0,0,0.00,0.00,0.00,0,0,0.00,0.00,0,0
1611991569.894163,s3-eth2,53526.00,3771148.00,3824674.00,3771148,53526,811.00,886.00,1697.00,886,811,0.00,0.00,0,0
1611991569.894172,s2-eth2,53526.00,3784312.00,3837838.00,3784312,53526,811.00,888.00,1699.00,888,811,0.00,0.00,0,0
1611991569.894179,total,11528258.00,11513514.00,23041772.00,11513514,11528258,5101.00,5097.00,10198.00,5097,5101,0.00,0.00,0,0
1611991570.894346,eth0,1078.00,1078.00,2156.00,1078,1078,14.00,14.00,28.00,14,14,0.00,0.00,0,0
1611991570.894371,s1-eth1,5692956.00,66858.00,5759814.00,66858,5692956,1083.00,1013.00,2096.00,1013,1083,0.00,0.00,0,0
1611991570.894391,s3-eth1,5690030.00,66660.00,5756690.00,66660,5690030,1086.00,1010.00,2096.00,1010,1086,0.00,0.00,0,0
1611991570.894398,s2-eth1,5681192.00,66726.00,5747918.00,66726,5681192,1082.00,1011.00,2093.00,1011,1082,0.00,0.00,0,0
1611991570.894405,s1-eth2,66726.00,5681192.00,5747918.00,5681192,66726,1011.00,1082.00,2093.00,1082,1011,0.00,0.00,0,0
1611991570.894413,lo,1674.00,1674.00,3348.00,1674,1674,9.00,9.00,18.00,9,9,0.00,0.00,0,0
1611991570.894419,s3-eth2,66840.00,5692812.00,5759652.00,5692812,66840,1011.00,1086.00,2097.00,1086,1011,0.00,0.00,0,0
1611991570.894427,s2-eth2,66660.00,5690030.00,5756690.00,5690030,66660,1010.00,1086.00,2096.00,1086,1010,0.00,0.00,0,0
1611991570.894439,total,17267156.00,17267030.00,34534184.00,17267030,17267156,6306.00,6311.00,12617.00,6311,6306,0.00,0.00,0,0
1611991571.894703,eth0,0.00,0.00,0.00,0,0,0.00,0.00,0.00,0,0,0.00,0.00,0,0
1611991571.894727,s1-eth1,3804130.00,57420.00,3861550.00,57420,3804130,925.00,870.00,1795.00,870,925,0.00,0.00,0,0
1611991571.894748,s3-eth1,3811634.00,57780.00,3869414.00,57780,3811634,929.00,872.00,1801.00,872,929,0.00,0.00,0,0
1611991571.894756,s2-eth1,3813016.00,57600.00,3870616.00,57600,3813016,928.00,871.00,1799.00,871,928,0.00,0.00,0,0
1611991571.894763,s1-eth2,57600.00,3813016.00,3870616.00,3813016,57600,871.00,928.00,1799.00,928,871,0.00,0.00,0,0
1611991571.894776,lo,1674.00,1674.00,3348.00,1674,1674,9.00,9.00,18.00,9,9,0.00,0.00,0,0
1611991571.894783,s3-eth2,57780.00,3816176.00,3873956.00,3816176,57780,872.00,932.00,1804.00,932,872,0.00,0.00,0,0
1611991571.894790,s2-eth2,57780.00,3811634.00,3869414.00,3811634,57780,872.00,929.00,1801.00,929,872,0.00,0.00,0,0
1611991571.894797,total,11603614.00,11615300.00,23218914.00,11615300,11603614,5406.00,5411.00,10817.00,5411,5406,0.00,0.00,0,0
1611991572.895449,eth0,0.00,0.00,0.00,0,0,0.00,0.00,0.00,0,0,0.00,0.00,0,0
1611991572.895558,s1-eth1,5980378.00,69366.00,6049744.00,69366,5980378,1121.00,1051.00,2172.00,1051,1121,0.00,0.00,0,0
1611991572.895590,s3-eth1,5987156.00,69498.00,6056654.00,69498,5987156,1114.00,1053.00,2167.00,1053,1114,0.00,0.00,0,0
1611991572.895601,s2-eth1,5983076.00,69498.00,6052574.00,69498,5983076,1118.00,1053.00,2171.00,1053,1118,0.00,0.00,0,0
1611991572.895611,s1-eth2,69498.00,5983076.00,6052574.00,5983076,69498,1053.00,1118.00,2171.00,1118,1053,0.00,0.00,0,0
1611991572.895621,lo,0.00,0.00,0.00,0,0,0.00,0.00,0.00,0,0,0.00,0.00,0,0
1611991572.895641,s3-eth2,69630.00,5982614.00,6052244.00,5982614,69630,1055.00,1111.00,2166.00,1111,1055,0.00,0.00,0,0
1611991572.895653,s2-eth2,69564.00,5987156.00,6056720.00,5987156,69564,1054.00,1114.00,2168.00,1114,1054,0.00,0.00,0,0
1611991572.895661,total,18159302.00,18161208.00,36320512.00,18161208,18159302,6515.00,6500.00,13015.00,6500,6515,0.00,0.00,0,0
1611991573.896684,eth0,0.00,0.00,0.00,0,0,0.00,0.00,0.00,0,0,0.00,0.00,0,0
1611991573.896737,s1-eth1,4841177.00,53208.79,4894385.50,53262,4846018,848.15,806.19,1654.35,807,849,0.00,0.00,0,0
1611991573.896763,s3-eth1,4841177.00,53208.79,4894385.50,53262,4846018,848.15,806.19,1654.35,807,849,0.00,0.00,0,0
1611991573.896774,s2-eth1,4849988.00,53208.79,4903197.00,53262,4854838,850.15,806.19,1656.34,807,851,0.00,0.00,0,0
1611991573.896783,s1-eth2,53208.79,4849988.00,4903197.00,4854838,53262,806.19,850.15,1656.34,851,807,0.00,0.00,0,0
1611991573.896792,lo,0.00,0.00,0.00,0,0,0.00,0.00,0.00,0,0,0.00,0.00,0,0
1611991573.896799,s3-eth2,53208.79,4848409.50,4901618.50,4853258,53262,806.19,848.15,1654.35,849,807,0.00,0.00,0,0
1611991573.896840,s2-eth2,53208.79,4841177.00,4894385.50,4846018,53262,806.19,848.15,1654.35,849,807,0.00,0.00,0,0
1611991573.896848,total,14691968.00,14699201.00,29391170.00,14713900,14706660,4965.04,4965.04,9930.07,4970,4970,0.00,0.00,0,0
1611991574.902366,eth0,119.40,119.40,238.81,120,120,1.99,1.99,3.98,2,2,0.00,0.00,0,0
1611991574.902411,s1-eth1,4497556.00,60549.25,4558105.50,60852,4520044,973.13,917.41,1890.55,922,978,0.00,0.00,0,0
1611991574.902440,s3-eth1,4480201.00,60549.25,4540750.00,60852,4502602,972.14,917.41,1889.55,922,977,0.00,0.00,0,0
1611991574.902462,s2-eth1,4487405.00,60483.58,4547888.50,60786,4509842,972.14,916.42,1888.56,921,977,0.00,0.00,0,0
1611991574.902473,s1-eth2,60483.58,4487405.00,4547888.50,4509842,60786,916.42,972.14,1888.56,977,921,0.00,0.00,0,0
1611991574.902483,lo,0.00,0.00,0.00,0,0,0.00,0.00,0.00,0,0,0.00,0.00,0,0
1611991574.902491,s3-eth2,60483.58,4472997.00,4533480.50,4495362,60786,916.42,972.14,1888.56,977,921,0.00,0.00,0,0
1611991574.902501,s2-eth2,60483.58,4480201.00,4540684.50,4502602,60786,916.42,972.14,1888.56,977,921,0.00,0.00,0,0
1611991574.902510,total,13646732.00,13622304.00,27269036.00,13690416,13714966,5668.66,5669.65,11338.31,5698,5697,0.00,0.00,0,0
1611991575.902748,eth0,0.00,0.00,0.00,0,0,0.00,0.00,0.00,0,0,0.00,0.00,0,0
1611991575.902787,s1-eth1,5695798.00,75510.00,5771308.00,75510,5695798,1219.00,1143.00,2362.00,1143,1219,0.00,0.00,0,0
1611991575.902816,s3-eth1,5695666.00,75510.00,5771176.00,75510,5695666,1217.00,1143.00,2360.00,1143,1217,0.00,0.00,0,0
1611991575.902826,s2-eth1,5691322.00,75510.00,5766832.00,75510,5691322,1217.00,1143.00,2360.00,1143,1217,0.00,0.00,0,0
1611991575.902836,s1-eth2,75510.00,5691322.00,5766832.00,5691322,75510,1143.00,1217.00,2360.00,1217,1143,0.00,0.00,0,0
1611991575.902846,lo,172.00,172.00,344.00,172,172,3.00,3.00,6.00,3,3,0.00,0.00,0,0
1611991575.902855,s3-eth2,75514.00,5694152.00,5769666.00,5694152,75514,1143.00,1216.00,2359.00,1216,1143,0.00,0.00,0,0
1611991575.902883,s2-eth2,75510.00,5695666.00,5771176.00,5695666,75510,1143.00,1217.00,2360.00,1217,1143,0.00,0.00,0,0
1611991575.902892,total,17309492.00,17307842.00,34617336.00,17307842,17309492,7085.00,7082.00,14167.00,7082,7085,0.00,0.00,0,0
1611991576.903056,eth0,1078.00,1078.00,2156.00,1078,1078,14.00,14.00,28.00,14,14,0.00,0.00,0,0
1611991576.903091,s1-eth1,5772134.00,66334.00,5838468.00,66334,5772134,1081.00,1005.00,2086.00,1005,1081,0.00,0.00,0,0
1611991576.903129,s3-eth1,5776404.00,66268.00,5842672.00,66268,5776404,1080.00,1004.00,2084.00,1004,1080,0.00,0.00,0,0
1611991576.903140,s2-eth1,5776474.00,66334.00,5842808.00,66334,5776474,1081.00,1005.00,2086.00,1005,1081,0.00,0.00,0,0
1611991576.903149,s1-eth2,66334.00,5776474.00,5842808.00,5776474,66334,1005.00,1081.00,2086.00,1081,1005,0.00,0.00,0,0
1611991576.903159,lo,2028.00,2028.00,4056.00,2028,2028,18.00,18.00,36.00,18,18,0.00,0.00,0,0
1611991576.903167,s3-eth2,66334.00,5776334.00,5842668.00,5776334,66334,1005.00,1079.00,2084.00,1079,1005,0.00,0.00,0,0
1611991576.903176,s2-eth2,66268.00,5776404.00,5842672.00,5776404,66268,1004.00,1080.00,2084.00,1080,1004,0.00,0.00,0,0
1611991576.903185,total,17527054.00,17531254.00,35058308.00,17531254,17527054,6288.00,6286.00,12574.00,6286,6288,0.00,0.00,0,0
1611991577.903358,eth0,0.00,0.00,0.00,0,0,0.00,0.00,0.00,0,0,0.00,0.00,0,0
1611991577.903386,s1-eth1,5589604.00,63702.00,5653306.00,63702,5589604,1036.00,965.00,2001.00,965,1036,0.00,0.00,0,0
1611991577.903407,s3-eth1,5583746.00,63842.00,5647588.00,63842,5583746,1035.00,967.00,2002.00,967,1035,0.00,0.00,0,0
1611991577.903415,s2-eth1,5583746.00,63772.00,5647518.00,63772,5583746,1035.00,966.00,2001.00,966,1035,0.00,0.00,0,0
1611991577.903422,s1-eth2,63772.00,5583746.00,5647518.00,5583746,63772,966.00,1035.00,2001.00,1035,966,0.00,0.00,0,0
1611991577.903430,lo,2028.00,2028.00,4056.00,2028,2028,18.00,18.00,36.00,18,18,0.00,0.00,0,0
1611991577.903437,s3-eth2,63842.00,5583746.00,5647588.00,5583746,63842,967.00,1035.00,2002.00,1035,967,0.00,0.00,0,0
1611991577.903444,s2-eth2,63842.00,5583746.00,5647588.00,5583746,63842,967.00,1035.00,2002.00,1035,967,0.00,0.00,0,0
1611991577.903451,total,16950580.00,16944582.00,33895160.00,16944582,16950580,6024.00,6021.00,12045.00,6021,6024,0.00,0.00,0,0
1611991578.904155,eth0,0.00,0.00,0.00,0,0,0.00,0.00,0.00,0,0,0.00,0.00,0,0
1611991578.904217,s1-eth1,5273804.00,58608.00,5332412.00,58608,5273804,963.00,888.00,1851.00,888,963,0.00,0.00,0,0
1611991578.904267,s3-eth1,5274892.00,58674.00,5333566.00,58674,5274892,961.00,889.00,1850.00,889,961,0.00,0.00,0,0
1611991578.904285,s2-eth1,5275072.00,58608.00,5333680.00,58608,5275072,962.00,888.00,1850.00,888,962,0.00,0.00,0,0
1611991578.904301,s1-eth2,58608.00,5275072.00,5333680.00,5275072,58608,888.00,962.00,1850.00,962,888,0.00,0.00,0,0
1611991578.904316,lo,1674.00,1674.00,3348.00,1674,1674,9.00,9.00,18.00,9,9,0.00,0.00,0,0
1611991578.904331,s3-eth2,58854.00,5276226.00,5335080.00,5276226,58854,890.00,961.00,1851.00,961,890,0.00,0.00,0,0
1611991578.904348,s2-eth2,58674.00,5274892.00,5333566.00,5274892,58674,889.00,961.00,1850.00,961,889,0.00,0.00,0,0
1611991578.904362,total,16001578.00,16003754.00,32005332.00,16003754,16001578,5562.00,5558.00,11120.00,5558,5562,0.00,0.00,0,0
1611991579.905013,eth0,0.00,0.00,0.00,0,0,0.00,0.00,0.00,0,0,0.00,0.00,0,0
1611991579.906638,s1-eth1,5627930.50,72916.17,5700846.50,73062,5639186,1170.66,1104.79,2275.45,1107,1173,0.00,0.00,0,0
1611991579.906848,s3-eth1,5617748.50,73275.45,5691024.00,73422,5628984,1169.66,1106.79,2276.45,1109,1172,0.00,0.00,0,0
1611991579.906866,s2-eth1,5635287.50,73161.68,5708449.50,73308,5646558,1172.65,1106.79,2279.44,1109,1175,0.00,0.00,0,0
1611991579.906875,s1-eth2,73161.68,5635287.50,5708449.50,5646558,73308,1106.79,1172.65,2279.44,1175,1109,0.00,0.00,0,0
1611991579.906884,lo,1670.66,1670.66,3341.32,1674,1674,8.98,8.98,17.96,9,9,0.00,0.00,0,0
1611991579.906892,s3-eth2,73341.32,5633776.50,5707118.00,5645044,73488,1107.78,1171.66,2279.44,1174,1110,0.00,0.00,0,0
1611991579.906915,s2-eth2,73341.32,5623595.00,5696936.50,5634842,73488,1107.78,1170.66,2278.44,1173,1110,0.00,0.00,0,0
1611991579.906933,total,17102482.00,17113684.00,34216164.00,17147910,17136686,6844.31,6842.32,13686.63,6856,6858,0.00,0.00,0,0
1611991580.907171,eth0,0.00,0.00,0.00,0,0,0.00,0.00,0.00,0,0,0.00,0.00,0,0
1611991580.907201,s1-eth1,3720720.00,51216.00,3771936.00,51216,3720720,824.00,776.00,1600.00,776,824,0.00,0.00,0,0
1611991580.907225,s3-eth1,3735860.00,51018.00,3786878.00,51018,3735860,834.00,773.00,1607.00,773,834,0.00,0.00,0,0
1611991580.907234,s2-eth1,3723946.00,51018.00,3774964.00,51018,3723946,829.00,773.00,1602.00,773,829,0.00,0.00,0,0
1611991580.907243,s1-eth2,51018.00,3723946.00,3774964.00,3723946,51018,773.00,829.00,1602.00,829,773,0.00,0.00,0,0
1611991580.907252,lo,0.00,0.00,0.00,0,0,0.00,0.00,0.00,0,0,0.00,0.00,0,0
1611991580.907259,s3-eth2,50820.00,3730266.00,3781086.00,3730266,50820,770.00,837.00,1607.00,837,770,0.00,0.00,0,0
1611991580.907267,s2-eth2,50952.00,3730002.00,3780954.00,3730002,50952,772.00,833.00,1605.00,833,772,0.00,0.00,0,0
1611991580.907275,total,11333316.00,11337466.00,22670782.00,11337466,11333316,4802.00,4821.00,9623.00,4821,4802,0.00,0.00,0,0
1611991581.907416,eth0,0.00,0.00,0.00,0,0,0.00,0.00,0.00,0,0,0.00,0.00,0,0
1611991581.907442,s1-eth1,5415332.00,69762.00,5485094.00,69762,5415332,1138.00,1057.00,2195.00,1057,1138,0.00,0.00,0,0
1611991581.907463,s3-eth1,5415266.00,69762.00,5485028.00,69762,5415266,1137.00,1057.00,2194.00,1057,1137,0.00,0.00,0,0
1611991581.907471,s2-eth1,5418294.00,69828.00,5488122.00,69828,5418294,1139.00,1058.00,2197.00,1058,1139,0.00,0.00,0,0
1611991581.907478,s1-eth2,69828.00,5418294.00,5488122.00,5418294,69828,1058.00,1139.00,2197.00,1139,1058,0.00,0.00,0,0
1611991581.907492,lo,0.00,0.00,0.00,0,0,0.00,0.00,0.00,0,0,0.00,0.00,0,0
1611991581.907499,s3-eth2,69828.00,5400456.00,5470284.00,5400456,69828,1058.00,1132.00,2190.00,1132,1058,0.00,0.00,0,0
1611991581.907506,s2-eth2,69762.00,5415266.00,5485028.00,5415266,69762,1057.00,1137.00,2194.00,1137,1057,0.00,0.00,0,0
1611991581.907513,total,16458310.00,16443368.00,32901678.00,16443368,16458310,6587.00,6580.00,13167.00,6580,6587,0.00,0.00,0,0
1611991582.907946,eth0,1078.00,1078.00,2156.00,1078,1078,14.00,14.00,28.00,14,14,0.00,0.00,0,0
1611991582.907991,s1-eth1,5925226.00,69564.00,5994790.00,69564,5925226,1141.00,1054.00,2195.00,1054,1141,0.00,0.00,0,0
1611991582.908019,s3-eth1,5916010.00,69696.00,5985706.00,69696,5916010,1133.00,1056.00,2189.00,1056,1133,0.00,0.00,0,0
1611991582.908029,s2-eth1,5919038.00,69564.00,5988602.00,69564,5919038,1135.00,1054.00,2189.00,1054,1135,0.00,0.00,0,0
1611991582.908038,s1-eth2,69564.00,5919038.00,5988602.00,5919038,69564,1054.00,1135.00,2189.00,1135,1054,0.00,0.00,0,0
1611991582.908048,lo,0.00,0.00,0.00,0,0,0.00,0.00,0.00,0,0,0.00,0.00,0,0
1611991582.908055,s3-eth2,69762.00,5918840.00,5988602.00,5918840,69762,1057.00,1132.00,2189.00,1132,1057,0.00,0.00,0,0
1611991582.908064,s2-eth2,69696.00,5916010.00,5985706.00,5916010,69696,1056.00,1133.00,2189.00,1133,1056,0.00,0.00,0,0
1611991582.908072,total,17970374.00,17963790.00,35934164.00,17963790,17970374,6590.00,6578.00,13168.00,6578,6590,0.00,0.00,0,0
1611991583.908610,eth0,0.00,0.00,0.00,0,0,0.00,0.00,0.00,0,0,0.00,0.00,0,0
1611991583.908644,s1-eth1,6044152.00,66528.00,6110680.00,66528,6044152,1100.00,1008.00,2108.00,1008,1100,0.00,0.00,0,0
1611991583.908681,s3-eth1,6042638.00,66528.00,6109166.00,66528,6042638,1099.00,1008.00,2107.00,1008,1099,0.00,0.00,0,0
1611991583.908690,s2-eth1,6042638.00,66528.00,6109166.00,66528,6042638,1099.00,1008.00,2107.00,1008,1099,0.00,0.00,0,0
1611991583.908698,s1-eth2,66528.00,6042638.00,6109166.00,6042638,66528,1008.00,1099.00,2107.00,1099,1008,0.00,0.00,0,0
1611991583.908705,lo,172.00,172.00,344.00,172,172,3.00,3.00,6.00,3,3,0.00,0.00,0,0
1611991583.908712,s3-eth2,66528.00,6042638.00,6109166.00,6042638,66528,1008.00,1099.00,2107.00,1099,1008,0.00,0.00,0,0
1611991583.908720,s2-eth2,66528.00,6042638.00,6109166.00,6042638,66528,1008.00,1099.00,2107.00,1099,1008,0.00,0.00,0,0
1611991583.908735,total,18329184.00,18327670.00,36656856.00,18327670,18329184,6325.00,6324.00,12649.00,6324,6325,0.00,0.00,0,0
1611991584.910934,eth0,0.00,0.00,0.00,0,0,0.00,0.00,0.00,0,0,0.00,0.00,0,0
1611991584.910977,s1-eth1,3218790.50,46634.73,3265425.25,46728,3225228,752.50,706.59,1459.08,708,754,0.00,0.00,0,0
1611991584.911009,s3-eth1,3242175.75,46634.73,3288810.50,46728,3248660,756.49,706.59,1463.07,708,758,0.00,0.00,0,0
1611991584.911021,s2-eth1,3236329.50,46700.60,3283030.00,46794,3242802,755.49,707.58,1463.07,709,757,0.00,0.00,0,0
1611991584.911032,s1-eth2,46700.60,3236329.50,3283030.00,3242802,46794,707.58,755.49,1463.07,757,709,0.00,0.00,0,0
1611991584.911043,lo,343.31,343.31,686.63,344,344,5.99,5.99,11.98,6,6,0.00,0.00,0,0
1611991584.911053,s3-eth2,46634.73,3255379.25,3302014.00,3261890,46728,706.59,759.48,1466.07,761,708,0.00,0.00,0,0
1611991584.911064,s2-eth2,46634.73,3242175.75,3288810.50,3248660,46728,706.59,756.49,1463.07,758,708,0.00,0.00,0,0
1611991584.911074,total,9837609.00,9874198.00,19711806.00,9893946,9857284,4391.22,4398.20,8789.42,4407,4400,0.00,0.00,0,0
1611991585.911292,eth0,120.00,120.00,240.00,120,120,2.00,2.00,4.00,2,2,0.00,0.00,0,0
1611991585.911324,s1-eth1,3990584.00,53856.00,4044440.00,53856,3990584,876.00,816.00,1692.00,816,876,0.00,0.00,0,0
1611991585.911360,s3-eth1,3986240.00,53922.00,4040162.00,53922,3986240,876.00,817.00,1693.00,817,876,0.00,0.00,0,0
1611991585.911370,s2-eth1,3986240.00,53856.00,4040096.00,53856,3986240,876.00,816.00,1692.00,816,876,0.00,0.00,0,0
1611991585.911379,s1-eth2,53856.00,3986240.00,4040096.00,3986240,53856,816.00,876.00,1692.00,876,816,0.00,0.00,0,0
1611991585.911388,lo,0.00,0.00,0.00,0,0,0.00,0.00,0.00,0,0,0.00,0.00,0,0
1611991585.911395,s3-eth2,53922.00,3996442.00,4050364.00,3996442,53922,817.00,877.00,1694.00,877,817,0.00,0.00,0,0
1611991585.911404,s2-eth2,53922.00,3986240.00,4040162.00,3986240,53922,817.00,876.00,1693.00,876,817,0.00,0.00,0,0
1611991585.911411,total,12124884.00,12130676.00,24255560.00,12130676,12124884,5080.00,5080.00,10160.00,5080,5080,0.00,0.00,0,0
1611991586.913858,eth0,0.00,0.00,0.00,0,0,0.00,0.00,0.00,0,0,0.00,0.00,0,0
1611991586.913894,s1-eth1,2970363.25,46305.39,3016668.75,46398,2976304,754.49,701.60,1456.09,703,756,0.00,0.00,0,0
1611991586.913927,s3-eth1,2976209.75,46305.39,3022515.00,46398,2982162,755.49,701.60,1457.09,703,757,0.00,0.00,0,0
1611991586.913940,s2-eth1,2974698.75,46305.39,3021004.00,46398,2980648,754.49,701.60,1456.09,703,756,0.00,0.00,0,0
1611991586.913952,s1-eth2,46305.39,2974698.75,3021004.00,2980648,46398,701.60,754.49,1456.09,756,703,0.00,0.00,0,0
1611991586.913963,lo,0.00,0.00,0.00,0,0,0.00,0.00,0.00,0,0,0.00,0.00,0,0
1611991586.914023,s3-eth2,46305.39,2982056.00,3028361.25,2988020,46398,701.60,756.49,1458.08,758,703,0.00,0.00,0,0
1611991586.914039,s2-eth2,46305.39,2976209.75,3022515.00,2982162,46398,701.60,755.49,1457.09,757,703,0.00,0.00,0,0
1611991586.914050,total,9060188.00,9071880.00,18132068.00,9090024,9078308,4369.26,4371.26,8740.52,4380,4378,0.00,0.00,0,0
1611991587.914422,eth0,0.00,0.00,0.00,0,0,0.00,0.00,0.00,0,0,0.00,0.00,0,0
1611991587.914455,s1-eth1,3355676.00,53766.00,3409442.00,53766,3355676,866.00,815.00,1681.00,815,866,0.00,0.00,0,0
1611991587.914477,s3-eth1,3342512.00,53766.00,3396278.00,53766,3342512,864.00,815.00,1679.00,815,864,0.00,0.00,0,0
1611991587.914486,s2-eth1,3349884.00,53766.00,3403650.00,53766,3349884,866.00,815.00,1681.00,815,866,0.00,0.00,0,0
1611991587.914493,s1-eth2,53766.00,3349884.00,3403650.00,3349884,53766,815.00,866.00,1681.00,866,815,0.00,0.00,0,0
1611991587.914501,lo,1398.00,1398.00,2796.00,1398,1398,15.00,15.00,30.00,15,15,0.00,0.00,0,0
1611991587.914508,s3-eth2,53766.00,3363048.00,3416814.00,3363048,53766,815.00,868.00,1683.00,868,815,0.00,0.00,0,0
1611991587.914516,s2-eth2,53766.00,3342512.00,3396278.00,3342512,53766,815.00,864.00,1679.00,864,815,0.00,0.00,0,0
1611991587.914523,total,10210768.00,10218140.00,20428908.00,10218140,10210768,5056.00,5058.00,10114.00,5058,5056,0.00,0.00,0,0
1611991588.916554,eth0,1075.85,1075.85,2151.70,1078,1078,13.97,13.97,27.94,14,14,0.00,0.00,0,0
1611991588.916589,s1-eth1,4043247.50,53946.11,4097193.75,54054,4051334,873.25,817.37,1690.62,819,875,0.00,0.00,0,0
1611991588.916613,s3-eth1,4062231.75,53946.11,4116177.75,54054,4070356,876.25,817.37,1693.61,819,878,0.00,0.00,0,0
1611991588.916621,s2-eth1,4054874.25,53946.11,4108820.50,54054,4062984,874.25,817.37,1691.62,819,876,0.00,0.00,0,0
1611991588.916629,s1-eth2,53946.11,4054874.25,4108820.50,4062984,54054,817.37,874.25,1691.62,876,819,0.00,0.00,0,0
1611991588.916637,lo,0.00,0.00,0.00,0,0,0.00,0.00,0.00,0,0,0.00,0.00,0,0
1611991588.916644,s3-eth2,53946.11,4060786.50,4114732.75,4068908,54054,817.37,876.25,1693.61,878,819,0.00,0.00,0,0
1611991588.916656,s2-eth2,53946.11,4062231.75,4116177.75,4070356,54054,817.37,876.25,1693.61,878,819,0.00,0.00,0,0
1611991588.916664,total,12323268.00,12340807.00,24664074.00,12365488,12347914,5089.82,5092.81,10182.64,5103,5100,0.00,0.00,0,0
1611991589.916787,eth0,0.00,0.00,0.00,0,0,0.00,0.00,0.00,0,0,0.00,0.00,0,0
1611991589.916812,s1-eth1,3654058.00,55110.00,3709168.00,55110,3654058,889.00,835.00,1724.00,835,889,0.00,0.00,0,0
1611991589.916834,s3-eth1,3659916.00,55044.00,3714960.00,55044,3659916,890.00,834.00,1724.00,834,890,0.00,0.00,0,0
1611991589.916842,s2-eth1,3667288.00,55110.00,3722398.00,55110,3667288,892.00,835.00,1727.00,835,892,0.00,0.00,0,0
1611991589.916850,s1-eth2,55110.00,3667288.00,3722398.00,3667288,55110,835.00,892.00,1727.00,892,835,0.00,0.00,0,0
1611991589.916857,lo,0.00,0.00,0.00,0,0,0.00,0.00,0.00,0,0,0.00,0.00,0,0
1611991589.916864,s3-eth2,55044.00,3671632.00,3726676.00,3671632,55044,834.00,892.00,1726.00,892,834,0.00,0.00,0,0
1611991589.916871,s2-eth2,55044.00,3659916.00,3714960.00,3659916,55044,834.00,890.00,1724.00,890,834,0.00,0.00,0,0
1611991589.916879,total,11146460.00,11164100.00,22310560.00,11164100,11146460,5174.00,5178.00,10352.00,5178,5174,0.00,0.00,0,0
1611991590.917161,eth0,0.00,0.00,0.00,0,0,0.00,0.00,0.00,0,0,0.00,0.00,0,0
1611991590.917187,s1-eth1,3445988.00,48378.00,3494366.00,48378,3445988,786.00,733.00,1519.00,733,786,0.00,0.00,0,0
1611991590.917231,s3-eth1,3440130.00,48378.00,3488508.00,48378,3440130,785.00,733.00,1518.00,733,785,0.00,0.00,0,0
1611991590.917240,s2-eth1,3440130.00,48378.00,3488508.00,48378,3440130,785.00,733.00,1518.00,733,785,0.00,0.00,0,0
1611991590.917254,s1-eth2,48378.00,3440130.00,3488508.00,3440130,48378,733.00,785.00,1518.00,785,733,0.00,0.00,0,0
1611991590.917262,lo,0.00,0.00,0.00,0,0,0.00,0.00,0.00,0,0,0.00,0.00,0,0
1611991590.917268,s3-eth2,48448.00,3428414.00,3476862.00,3428414,48448,734.00,783.00,1517.00,783,734,0.00,0.00,0,0
1611991590.917276,s2-eth2,48378.00,3440130.00,3488508.00,3440130,48378,733.00,785.00,1518.00,785,733,0.00,0.00,0,0
1611991590.917282,total,10471452.00,10453808.00,20925260.00,10453808,10471452,4556.00,4552.00,9108.00,4552,4556,0.00,0.00,0,0
1611991591.917497,eth0,0.00,0.00,0.00,0,0,0.00,0.00,0.00,0,0,0.00,0.00,0,0
1611991591.917533,s1-eth1,3311956.00,38688.00,3350644.00,38688,3311956,642.00,586.00,1228.00,586,642,0.00,0.00,0,0
1611991591.917602,s3-eth1,3315578.00,38556.00,3354134.00,38556,3315578,653.00,584.00,1237.00,584,653,0.00,0.00,0,0
1611991591.917614,s2-eth1,3312550.00,38622.00,3351172.00,38622,3312550,651.00,585.00,1236.00,585,651,0.00,0.00,0,0
1611991591.917623,s1-eth2,38622.00,3312550.00,3351172.00,3312550,38622,585.00,651.00,1236.00,651,585,0.00,0.00,0,0
1611991591.917631,lo,0.00,0.00,0.00,0,0,0.00,0.00,0.00,0,0,0.00,0.00,0,0
1611991591.917638,s3-eth2,38490.00,3310314.00,3348804.00,3310314,38490,583.00,661.00,1244.00,661,583,0.00,0.00,0,0
1611991591.917647,s2-eth2,38622.00,3315578.00,3354200.00,3315578,38622,585.00,653.00,1238.00,653,585,0.00,0.00,0,0
1611991591.917655,total,10055818.00,10054308.00,20110126.00,10054308,10055818,3699.00,3720.00,7419.00,3720,3699,0.00,0.00,0,0
1611991592.944630,eth0,0.00,0.00,0.00,0,0,0.00,0.00,0.00,0,0,0.00,0.00,0,0
1611991592.944662,s1-eth1,5837275.50,74675.75,5911951.00,76692,5994882,1220.06,1131.45,2351.51,1162,1253,0.00,0.00,0,0
1611991592.944701,s3-eth1,5833748.50,74804.28,5908553.00,76824,5991260,1209.35,1133.40,2342.75,1164,1242,0.00,0.00,0,0
1611991592.944724,s2-eth1,5830993.00,74740.02,5905733.00,76758,5988430,1210.32,1132.42,2342.75,1163,1243,0.00,0.00,0,0
1611991592.944735,s1-eth2,74740.02,5830993.00,5905733.00,5988430,76758,1132.42,1210.32,2342.75,1243,1163,0.00,0.00,0,0
1611991592.944745,lo,502.43,502.43,1004.87,516,516,8.76,8.76,17.53,9,9,0.00,0.00,0,0
1611991592.944754,s3-eth2,74932.81,5833170.50,5908103.00,5990666,76956,1135.35,1200.58,2335.93,1233,1166,0.00,0.00,0,0
1611991592.944764,s2-eth2,74740.02,5833748.50,5908488.50,5991260,76758,1132.42,1209.35,2341.77,1242,1163,0.00,0.00,0,0
1611991592.944774,total,17726932.00,17722634.00,35449564.00,18201146,18205560,7048.69,7026.29,14074.98,7216,7239,0.00,0.00,0,0
1611991593.945221,eth0,0.00,0.00,0.00,0,0,0.00,0.00,0.00,0,0,0.00,0.00,0,0
1611991593.945261,s1-eth1,3738426.00,52470.00,3790896.00,52470,3738426,829.00,795.00,1624.00,795,829,0.00,0.00,0,0
1611991593.945285,s3-eth1,3732568.00,52676.00,3785244.00,52676,3732568,828.00,798.00,1626.00,798,828,0.00,0.00,0,0
1611991593.945294,s2-eth1,3732568.00,52540.00,3785108.00,52540,3732568,828.00,796.00,1624.00,796,828,0.00,0.00,0,0
1611991593.945302,s1-eth2,52540.00,3732568.00,3785108.00,3732568,52540,796.00,828.00,1624.00,828,796,0.00,0.00,0,0
1611991593.945310,lo,1014.00,1014.00,2028.00,1014,1014,9.00,9.00,18.00,9,9,0.00,0.00,0,0
1611991593.945317,s3-eth2,52610.00,3756000.00,3808610.00,3756000,52610,797.00,832.00,1629.00,832,797,0.00,0.00,0,0
1611991593.945325,s2-eth2,52676.00,3732568.00,3785244.00,3732568,52676,798.00,828.00,1626.00,828,798,0.00,0.00,0,0
1611991593.945332,total,11362402.00,11379836.00,22742238.00,11379836,11362402,4885.00,4886.00,9771.00,4886,4885,0.00,0.00,0,0
1611991594.951948,eth0,1071.57,1071.57,2143.14,1078,1078,13.92,13.92,27.83,14,14,0.00,0.00,0,0
1611991594.952018,s1-eth1,4968521.00,69021.87,5037542.50,69436,4998332,1126.24,1045.73,2171.97,1052,1133,0.00,0.00,0,0
1611991594.952186,s3-eth1,4950554.50,68956.27,5019511.00,69370,4980258,1119.28,1044.73,2164.02,1051,1126,0.00,0.00,0,0
1611991594.952220,s2-eth1,4955121.00,69021.87,5024143.00,69436,4984852,1121.27,1045.73,2167.00,1052,1128,0.00,0.00,0,0
1611991594.952244,s1-eth2,69021.87,4955121.00,5024143.00,4984852,69436,1045.73,1121.27,2167.00,1128,1052,0.00,0.00,0,0
1611991594.952268,lo,3679.92,3679.92,7359.84,3702,3702,26.84,26.84,53.68,27,27,0.00,0.00,0,0
1611991594.952290,s3-eth2,69135.19,4956129.00,5025264.50,4985866,69550,1045.73,1118.29,2164.02,1125,1052,0.00,0.00,0,0
1611991594.952314,s2-eth2,68956.27,4950554.50,5019511.00,4980258,69370,1044.73,1119.28,2164.02,1126,1051,0.00,0.00,0,0
1611991594.952335,total,15071081.00,15058588.00,30129668.00,15163998,15176578,6537.24,6529.29,13066.53,6575,6583,0.00,0.00,0,0
1611991595.952706,eth0,120.00,120.00,240.00,120,120,2.00,2.00,4.00,2,2,0.00,0.00,0,0
1611991595.952736,s1-eth1,4787008.00,62250.00,4849258.00,62250,4787008,1008.00,943.00,1951.00,943,1008,0.00,0.00,0,0
1611991595.952761,s3-eth1,4798724.00,62676.00,4861400.00,62676,4798724,1010.00,946.00,1956.00,946,1010,0.00,0.00,0,0
1611991595.952769,s2-eth1,4788522.00,62430.00,4850952.00,62430,4788522,1009.00,944.00,1953.00,944,1009,0.00,0.00,0,0
1611991595.952777,s1-eth2,62430.00,4788522.00,4850952.00,4788522,62430,944.00,1009.00,1953.00,1009,944,0.00,0.00,0,0
1611991595.952785,lo,1674.00,1674.00,3348.00,1674,1674,9.00,9.00,18.00,9,9,0.00,0.00,0,0
1611991595.952792,s3-eth2,62676.00,4787008.00,4849684.00,4787008,62676,946.00,1008.00,1954.00,1008,946,0.00,0.00,0,0
1611991595.952800,s2-eth2,62676.00,4798724.00,4861400.00,4798724,62676,946.00,1010.00,1956.00,1010,946,0.00,0.00,0,0
1611991595.952807,total,14563830.00,14563404.00,29127234.00,14563404,14563830,5874.00,5871.00,11745.00,5871,5874,0.00,0.00,0,0
1611991596.953140,eth0,0.00,0.00,0.00,0,0,0.00,0.00,0.00,0,0,0.00,0.00,0,0
1611991596.953201,s1-eth1,3825310.00,50094.00,3875404.00,50094,3825310,829.00,759.00,1588.00,759,829,0.00,0.00,0,0
1611991596.953264,s3-eth1,3837686.00,49962.00,3887648.00,49962,3837686,841.00,757.00,1598.00,757,841,0.00,0.00,0,0
1611991596.953289,s2-eth1,3831564.00,50028.00,3881592.00,50028,3831564,836.00,758.00,1594.00,758,836,0.00,0.00,0,0
1611991596.953337,s1-eth2,50028.00,3831564.00,3881592.00,3831564,50028,758.00,836.00,1594.00,836,758,0.00,0.00,0,0
1611991596.953361,lo,1014.00,1014.00,2028.00,1014,1014,9.00,9.00,18.00,9,9,0.00,0.00,0,0
1611991596.953383,s3-eth2,49896.00,3829592.00,3879488.00,3829592,49896,756.00,850.00,1606.00,850,756,0.00,0.00,0,0
1611991596.953405,s2-eth2,49962.00,3837686.00,3887648.00,3837686,49962,757.00,841.00,1598.00,841,757,0.00,0.00,0,0
1611991596.953426,total,11645460.00,11649940.00,23295400.00,11649940,11645460,4786.00,4810.00,9596.00,4810,4786,0.00,0.00,0,0
1611991597.954916,eth0,0.00,0.00,0.00,0,0,0.00,0.00,0.00,0,0,0.00,0.00,0,0
1611991597.954994,s1-eth1,2350353.75,33164.84,2383518.50,33198,2352704,543.46,502.50,1045.95,503,544,0.00,0.00,0,0
1611991597.955059,s3-eth1,2353312.75,33164.84,2386477.50,33198,2355666,544.46,502.50,1046.95,503,545,0.00,0.00,0,0
1611991597.955086,s2-eth1,2359230.75,33230.77,2392461.50,33264,2361590,546.45,503.50,1049.95,504,547,0.00,0.00,0,0
1611991597.955110,s1-eth2,33230.77,2359230.75,2392461.50,2361590,33264,503.50,546.45,1049.95,547,504,0.00,0.00,0,0
1611991597.955134,lo,0.00,0.00,0.00,0,0,0.00,0.00,0.00,0,0,0.00,0.00,0,0
1611991597.955151,s3-eth2,33164.84,2335558.50,2368723.25,2337894,33198,502.50,538.46,1040.96,539,503,0.00,0.00,0,0
1611991597.955174,s2-eth2,33164.84,2353312.75,2386477.50,2355666,33198,502.50,544.46,1046.95,545,503,0.00,0.00,0,0
1611991597.955196,total,7162457.50,7147662.50,14310120.00,7154810,7169620,3142.86,3137.86,6280.72,3141,3146,0.00,0.00,0,0
1611991598.955558,eth0,0.00,0.00,0.00,0,0,0.00,0.00,0.00,0,0,0.00,0.00,0,0
1611991598.955586,s1-eth1,2819256.00,44748.00,2864004.00,44748,2819256,724.00,678.00,1402.00,678,724,0.00,0.00,0,0
1611991598.955611,s3-eth1,2832156.00,44880.00,2877036.00,44880,2832156,722.00,680.00,1402.00,680,722,0.00,0.00,0,0
1611991598.955620,s2-eth1,2826232.00,44748.00,2870980.00,44748,2826232,720.00,678.00,1398.00,678,720,0.00,0.00,0,0
1611991598.955628,s1-eth2,44748.00,2826232.00,2870980.00,2826232,44748,678.00,720.00,1398.00,720,678,0.00,0.00,0,0
1611991598.955636,lo,0.00,0.00,0.00,0,0,0.00,0.00,0.00,0,0,0.00,0.00,0,0
1611991598.955643,s3-eth2,44880.00,2833604.00,2878484.00,2833604,44880,680.00,722.00,1402.00,722,680,0.00,0.00,0,0
1611991598.955651,s2-eth2,44880.00,2832156.00,2877036.00,2832156,44880,680.00,722.00,1402.00,722,680,0.00,0.00,0,0
1611991598.955658,total,8612152.00,8626368.00,17238520.00,8626368,8612152,4204.00,4200.00,8404.00,4200,4204,0.00,0.00,0,0
1611991599.959132,eth0,0.00,0.00,0.00,0,0,0.00,0.00,0.00,0,0,0.00,0.00,0,0
1611991599.959180,s1-eth1,2618877.50,42113.66,2660991.00,42240,2626734,700.90,638.09,1338.98,640,703,0.00,0.00,0,0
1611991599.959213,s3-eth1,2625766.75,42113.66,2667880.50,42240,2633644,695.91,638.09,1334.00,640,698,0.00,0.00,0,0
1611991599.959226,s2-eth1,2614349.00,42113.66,2656462.75,42240,2622192,697.91,638.09,1335.99,640,700,0.00,0.00,0,0
1611991599.959238,s1-eth2,42113.66,2614349.00,2656462.75,2622192,42240,638.09,697.91,1335.99,700,640,0.00,0.00,0,0
1611991599.959249,lo,0.00,0.00,0.00,0,0,0.00,0.00,0.00,0,0,0.00,0.00,0,0
1611991599.959257,s3-eth2,42179.46,2604897.25,2647076.75,2612712,42306,639.08,685.94,1325.02,688,641,0.00,0.00,0,0
1611991599.959270,s2-eth2,42113.66,2625766.75,2667880.50,2633644,42240,638.09,695.91,1334.00,698,640,0.00,0.00,0,0
1611991599.959280,total,7985400.00,7971354.00,15956754.00,7995268,8009356,4009.97,3994.02,8003.99,4006,4022,0.00,0.00,0,0
1611991600.959942,eth0,1078.00,1078.00,2156.00,1078,1078,14.00,14.00,28.00,14,14,0.00,0.00,0,0
1611991600.959979,s1-eth1,4287390.00,65274.00,4352664.00,65274,4287390,1051.00,989.00,2040.00,989,1051,0.00,0.00,0,0
1611991600.960008,s3-eth1,4269816.00,65274.00,4335090.00,65274,4269816,1048.00,989.00,2037.00,989,1048,0.00,0.00,0,0
1611991600.960017,s2-eth1,4293248.00,65274.00,4358522.00,65274,4293248,1052.00,989.00,2041.00,989,1052,0.00,0.00,0,0
1611991600.960027,s1-eth2,65274.00,4293248.00,4358522.00,4293248,65274,989.00,1052.00,2041.00,1052,989,0.00,0.00,0,0
1611991600.960036,lo,0.00,0.00,0.00,0,0,0.00,0.00,0.00,0,0,0.00,0.00,0,0
1611991600.960057,s3-eth2,65274.00,4278504.00,4343778.00,4278504,65274,989.00,1048.00,2037.00,1048,989,0.00,0.00,0,0
1611991600.960067,s2-eth2,65274.00,4269816.00,4335090.00,4269816,65274,989.00,1048.00,2037.00,1048,989,0.00,0.00,0,0
1611991600.960076,total,13047354.00,13038468.00,26085822.00,13038468,13047354,6132.00,6129.00,12261.00,6129,6132,0.00,0.00,0,0
1611991601.961166,eth0,0.00,0.00,0.00,0,0,0.00,0.00,0.00,0,0,0.00,0.00,0,0
1611991601.961204,s1-eth1,3447866.25,47340.66,3495207.00,47388,3451314,756.24,717.28,1473.53,718,757,0.00,0.00,0,0
1611991601.961233,s3-eth1,3439252.75,47340.66,3486593.50,47388,3442692,757.24,717.28,1474.53,718,758,0.00,0.00,0,0
1611991601.961244,s2-eth1,3442146.00,47340.66,3489486.50,47388,3445588,757.24,717.28,1474.53,718,758,0.00,0.00,0,0
1611991601.961254,s1-eth2,47340.66,3442146.00,3489486.50,3445588,47388,717.28,757.24,1474.53,758,718,0.00,0.00,0,0
1611991601.961264,lo,515.48,515.48,1030.97,516,516,8.99,8.99,17.98,9,9,0.00,0.00,0,0
1611991601.961273,s3-eth2,47274.73,3457402.75,3504677.50,3460860,47322,716.28,769.23,1485.51,770,717,0.00,0.00,0,0
1611991601.961283,s2-eth2,47340.66,3439252.75,3486593.50,3442692,47388,717.28,757.24,1474.53,758,718,0.00,0.00,0,0
1611991601.961292,total,10471737.00,10481339.00,20953076.00,10491820,10482208,4430.57,4444.56,8875.13,4449,4435,0.00,0.00,0,0
1611991602.961461,eth0,0.00,0.00,0.00,0,0,0.00,0.00,0.00,0,0,0.00,0.00,0,0
1611991602.961496,s1-eth1,5261398.00,75042.00,5336440.00,75042,5261398,1219.00,1137.00,2356.00,1137,1219,0.00,0.00,0,0
1611991602.961526,s3-eth1,5270020.00,75042.00,5345062.00,75042,5270020,1218.00,1137.00,2355.00,1137,1218,0.00,0.00,0,0
1611991602.961535,s2-eth1,5272982.00,75042.00,5348024.00,75042,5272982,1219.00,1137.00,2356.00,1137,1219,0.00,0.00,0,0
1611991602.961544,s1-eth2,75042.00,5272982.00,5348024.00,5272982,75042,1137.00,1219.00,2356.00,1219,1137,0.00,0.00,0,0
1611991602.961553,lo,0.00,0.00,0.00,0,0,0.00,0.00,0.00,0,0,0.00,0.00,0,0
1611991602.961575,s3-eth2,75108.00,5282656.00,5357764.00,5282656,75108,1138.00,1212.00,2350.00,1212,1138,0.00,0.00,0,0
1611991602.961584,s2-eth2,75042.00,5270020.00,5345062.00,5270020,75042,1137.00,1218.00,2355.00,1218,1137,0.00,0.00,0,0
1611991602.961592,total,16029592.00,16050784.00,32080376.00,16050784,16029592,7068.00,7060.00,14128.00,7060,7068,0.00,0.00,0,0
1611991603.961739,eth0,0.00,0.00,0.00,0,0,0.00,0.00,0.00,0,0,0.00,0.00,0,0
1611991603.961768,s1-eth1,5704850.00,63756.00,5768606.00,63756,5704850,1049.00,966.00,2015.00,966,1049,0.00,0.00,0,0
1611991603.961795,s3-eth1,5705048.00,63690.00,5768738.00,63690,5705048,1052.00,965.00,2017.00,965,1052,0.00,0.00,0,0
1611991603.961805,s2-eth1,5697676.00,63756.00,5761432.00,63756,5697676,1050.00,966.00,2016.00,966,1050,0.00,0.00,0,0
1611991603.961814,s1-eth2,63756.00,5697676.00,5761432.00,5697676,63756,966.00,1050.00,2016.00,1050,966,0.00,0.00,0,0
1611991603.961823,lo,0.00,0.00,0.00,0,0,0.00,0.00,0.00,0,0,0.00,0.00,0,0
1611991603.961830,s3-eth2,63690.00,5705246.00,5768936.00,5705246,63690,965.00,1055.00,2020.00,1055,965,0.00,0.00,0,0
1611991603.961839,s2-eth2,63690.00,5705048.00,5768738.00,5705048,63690,965.00,1052.00,2017.00,1052,965,0.00,0.00,0,0
1611991603.961847,total,17298710.00,17299172.00,34597880.00,17299172,17298710,6047.00,6054.00,12101.00,6054,6047,0.00,0.00,0,0
1611991604.962071,eth0,0.00,0.00,0.00,0,0,0.00,0.00,0.00,0,0,0.00,0.00,0,0
1611991604.962106,s1-eth1,6030926.00,69036.00,6099962.00,69036,6030926,1119.00,1046.00,2165.00,1046,1119,0.00,0.00,0,0
1611991604.962138,s3-eth1,6030728.00,69102.00,6099830.00,69102,6030728,1116.00,1047.00,2163.00,1047,1116,0.00,0.00,0,0
1611991604.962149,s2-eth1,6032242.00,69036.00,6101278.00,69036,6032242,1117.00,1046.00,2163.00,1046,1117,0.00,0.00,0,0
1611991604.962159,s1-eth2,69036.00,6032242.00,6101278.00,6032242,69036,1046.00,1117.00,2163.00,1117,1046,0.00,0.00,0,0
1611991604.962170,lo,0.00,0.00,0.00,0,0,0.00,0.00,0.00,0,0,0.00,0.00,0,0
1611991604.962178,s3-eth2,69036.00,6030530.00,6099566.00,6030530,69036,1046.00,1113.00,2159.00,1113,1046,0.00,0.00,0,0
1611991604.962189,s2-eth2,69102.00,6030728.00,6099830.00,6030728,69102,1047.00,1116.00,2163.00,1116,1047,0.00,0.00,0,0
1611991604.962213,total,18301070.00,18300674.00,36601744.00,18300674,18301070,6491.00,6485.00,12976.00,6485,6491,0.00,0.00,0,0
1611991605.962545,eth0,120.00,120.00,240.00,120,120,2.00,2.00,4.00,2,2,0.00,0.00,0,0
1611991605.962616,s1-eth1,6038294.00,66462.00,6104756.00,66462,6038294,1099.00,1007.00,2106.00,1007,1099,0.00,0.00,0,0
1611991605.962681,s3-eth1,6038294.00,66396.00,6104690.00,66396,6038294,1099.00,1006.00,2105.00,1006,1099,0.00,0.00,0,0
1611991605.962705,s2-eth1,6038294.00,66462.00,6104756.00,66462,6038294,1099.00,1007.00,2106.00,1007,1099,0.00,0.00,0,0
1611991605.962727,s1-eth2,66462.00,6038294.00,6104756.00,6038294,66462,1007.00,1099.00,2106.00,1099,1007,0.00,0.00,0,0
1611991605.962750,lo,0.00,0.00,0.00,0,0,0.00,0.00,0.00,0,0,0.00,0.00,0,0
1611991605.962768,s3-eth2,66462.00,6038294.00,6104756.00,6038294,66462,1007.00,1099.00,2106.00,1099,1007,0.00,0.00,0,0
1611991605.962790,s2-eth2,66396.00,6038294.00,6104690.00,6038294,66396,1006.00,1099.00,2105.00,1099,1006,0.00,0.00,0,0
1611991605.962810,total,18314322.00,18314322.00,36628644.00,18314322,18314322,6319.00,6319.00,12638.00,6319,6319,0.00,0.00,0,0
1611991606.963266,eth0,1078.00,1078.00,2156.00,1078,1078,14.00,14.00,28.00,14,14,0.00,0.00,0,0
1611991606.963302,s1-eth1,5899018.00,64944.00,5963962.00,64944,5899018,1073.00,984.00,2057.00,984,1073,0.00,0.00,0,0
1611991606.963331,s3-eth1,5899018.00,64944.00,5963962.00,64944,5899018,1073.00,984.00,2057.00,984,1073,0.00,0.00,0,0
1611991606.963342,s2-eth1,5899018.00,64944.00,5963962.00,64944,5899018,1073.00,984.00,2057.00,984,1073,0.00,0.00,0,0
1611991606.963351,s1-eth2,64944.00,5899018.00,5963962.00,5899018,64944,984.00,1073.00,2057.00,1073,984,0.00,0.00,0,0
1611991606.963361,lo,516.00,516.00,1032.00,516,516,9.00,9.00,18.00,9,9,0.00,0.00,0,0
1611991606.963370,s3-eth2,64944.00,5893160.00,5958104.00,5893160,64944,984.00,1072.00,2056.00,1072,984,0.00,0.00,0,0
1611991606.963380,s2-eth2,64944.00,5899018.00,5963962.00,5899018,64944,984.00,1073.00,2057.00,1073,984,0.00,0.00,0,0
1611991606.963388,total,17893480.00,17887622.00,35781104.00,17887622,17893480,6194.00,6193.00,12387.00,6193,6194,0.00,0.00,0,0
1611991607.963723,eth0,0.00,0.00,0.00,0,0,0.00,0.00,0.00,0,0,0.00,0.00,0,0
1611991607.963762,s1-eth1,6038294.00,66396.00,6104690.00,66396,6038294,1099.00,1006.00,2105.00,1006,1099,0.00,0.00,0,0
1611991607.963793,s3-eth1,6038294.00,66462.00,6104756.00,66462,6038294,1099.00,1007.00,2106.00,1007,1099,0.00,0.00,0,0
1611991607.963804,s2-eth1,6038294.00,66396.00,6104690.00,66396,6038294,1099.00,1006.00,2105.00,1006,1099,0.00,0.00,0,0
1611991607.963814,s1-eth2,66396.00,6038294.00,6104690.00,6038294,66396,1006.00,1099.00,2105.00,1099,1006,0.00,0.00,0,0
1611991607.963825,lo,0.00,0.00,0.00,0,0,0.00,0.00,0.00,0,0,0.00,0.00,0,0
1611991607.963833,s3-eth2,66462.00,6038294.00,6104756.00,6038294,66462,1007.00,1099.00,2106.00,1099,1007,0.00,0.00,0,0
1611991607.963844,s2-eth2,66462.00,6038294.00,6104756.00,6038294,66462,1007.00,1099.00,2106.00,1099,1007,0.00,0.00,0,0
1611991607.963853,total,18314202.00,18314136.00,36628336.00,18314136,18314202,6317.00,6316.00,12633.00,6316,6317,0.00,0.00,0,0
1611991608.968207,eth0,0.00,0.00,0.00,0,0,0.00,0.00,0.00,0,0,0.00,0.00,0,0
1611991608.968247,s1-eth1,5421526.00,59754.98,5481281.00,59994,5443212,986.06,905.38,1891.43,909,990,0.00,0.00,0,0
1611991608.968308,s3-eth1,5421526.00,59754.98,5481281.00,59994,5443212,986.06,905.38,1891.43,909,990,0.00,0.00,0,0
1611991608.968320,s2-eth1,5421526.00,59754.98,5481281.00,59994,5443212,986.06,905.38,1891.43,909,990,0.00,0.00,0,0
1611991608.968331,s1-eth2,59754.98,5421526.00,5481281.00,5443212,59994,905.38,986.06,1891.43,990,909,0.00,0.00,0,0
1611991608.968342,lo,0.00,0.00,0.00,0,0,0.00,0.00,0.00,0,0,0.00,0.00,0,0
1611991608.968350,s3-eth2,59754.98,5421526.00,5481281.00,5443212,59994,905.38,986.06,1891.43,990,909,0.00,0.00,0,0
1611991608.968361,s2-eth2,59754.98,5421526.00,5481281.00,5443212,59994,905.38,986.06,1891.43,990,909,0.00,0.00,0,0
1611991608.968370,total,16443843.00,16443843.00,32887686.00,16509618,16509618,5674.30,5674.30,11348.61,5697,5697,0.00,0.00,0,0
1611991609.972611,eth0,0.00,0.00,0.00,0,0,0.00,0.00,0.00,0,0,0.00,0.00,0,0
1611991609.972659,s1-eth1,3902032.00,56049.80,3958081.75,56274,3917640,908.37,849.60,1757.97,853,912,0.00,0.00,0,0
1611991609.972694,s3-eth1,3913701.25,56049.80,3969751.00,56274,3929356,910.36,849.60,1759.96,853,914,0.00,0.00,0,0
1611991609.972707,s2-eth1,3900524.00,56049.80,3956573.75,56274,3916126,907.37,849.60,1756.97,853,911,0.00,0.00,0,0
1611991609.972718,s1-eth2,56049.80,3900524.00,3956573.75,3916126,56274,849.60,907.37,1756.97,911,853,0.00,0.00,0,0
1611991609.972729,lo,0.00,0.00,0.00,0,0,0.00,0.00,0.00,0,0,0.00,0.00,0,0
1611991609.972738,s3-eth2,56049.80,3907866.75,3963916.50,3923498,56274,849.60,909.36,1758.96,913,853,0.00,0.00,0,0
1611991609.972750,s2-eth2,56049.80,3913701.25,3969751.00,3929356,56274,849.60,910.36,1759.96,914,853,0.00,0.00,0,0
1611991609.972760,total,11884407.00,11890241.00,23774648.00,11937802,11931944,5274.90,5275.90,10550.80,5297,5296,0.00,0.00,0,0
1611991610.979101,eth0,0.00,0.00,0.00,0,0,0.00,0.00,0.00,0,0,0.00,0.00,0,0
1611991610.979391,s1-eth1,3124002.00,42644.14,3166646.00,42900,3142746,684.89,646.12,1331.01,650,689,0.00,0.00,0,0
1611991610.979808,s3-eth1,3126717.00,42536.25,3169253.25,42834,3148604,685.20,644.49,1329.69,649,690,0.00,0.00,0,0
1611991610.979902,s2-eth1,3134037.75,42667.33,3176705.00,42966,3155976,687.19,646.47,1333.66,651,692,0.00,0.00,0,0
1611991610.979929,s1-eth2,42667.33,3134037.75,3176705.00,3155976,42966,646.47,687.19,1333.66,692,651,0.00,0.00,0,0
1611991610.980011,lo,0.00,0.00,0.00,0,0,0.00,0.00,0.00,0,0,0.00,0.00,0,0
1611991610.980033,s3-eth2,42601.79,3122534.25,3165136.00,3144392,42900,645.48,687.19,1332.67,692,650,0.00,0.00,0,0
1611991610.980058,s2-eth2,42601.79,3132599.75,3175201.50,3154528,42900,645.48,687.19,1332.67,692,650,0.00,0.00,0,0
1611991610.980130,total,9509525.00,9516977.00,19026502.00,9583596,9576092,3994.04,3998.01,7992.06,4026,4022,0.00,0.00,0,0
1611991611.983523,eth0,0.00,0.00,0.00,0,0,0.00,0.00,0.00,0,0,0.00,0.00,0,0
1611991611.983605,s1-eth1,3097468.25,49105.58,3146573.75,49302,3109858,801.79,744.02,1545.82,747,805,0.00,0.00,0,0
1611991611.983672,s3-eth1,3100556.25,49220.34,3149776.75,49368,3109858,802.59,745.76,1548.35,748,805,0.00,0.00,0,0
1611991611.983698,s2-eth1,3094715.75,49088.73,3143804.50,49236,3104000,801.60,743.77,1545.36,746,804,0.00,0.00,0,0
1611991611.983723,s1-eth2,49088.73,3094715.75,3143804.50,3104000,49236,743.77,801.60,1545.36,804,746,0.00,0.00,0,0
1611991611.983748,lo,514.46,514.46,1028.91,516,516,8.97,8.97,17.95,9,9,0.00,0.00,0,0
1611991611.983770,s3-eth2,49154.54,3093074.75,3142229.25,3102354,49302,744.77,798.60,1543.37,801,747,0.00,0.00,0,0
1611991611.983796,s2-eth2,49154.54,3094650.00,3143804.50,3103934,49302,744.77,800.60,1545.36,803,747,0.00,0.00,0,0
1611991611.983818,total,9443741.00,9430419.00,18874160.00,9458710,9472072,4649.05,4644.07,9293.12,4658,4663,0.00,0.00,0,0
1611991612.984683,eth0,1076.92,1076.92,2153.85,1078,1078,13.99,13.99,27.97,14,14,0.00,0.00,0,0
1611991612.984713,s1-eth1,4046911.25,60131.87,4107043.00,60192,4050958,978.02,911.09,1889.11,912,979,0.00,0.00,0,0
1611991612.984737,s3-eth1,4048423.75,60131.87,4108555.50,60192,4052472,979.02,911.09,1890.11,912,980,0.00,0.00,0,0
1611991612.984746,s2-eth1,4035207.00,60131.87,4095338.75,60192,4039242,976.02,911.09,1887.11,912,977,0.00,0.00,0,0
1611991612.984754,s1-eth2,60131.87,4035207.00,4095338.75,4039242,60192,911.09,976.02,1887.11,977,912,0.00,0.00,0,0
1611991612.984762,lo,0.00,0.00,0.00,0,0,0.00,0.00,0.00,0,0,0.00,0.00,0,0
1611991612.984769,s3-eth2,60192.00,4045100.00,4105292.00,4045100,60192,912.00,978.00,1890.00,978,912,0.00,0.00,0,0
1611991612.984777,s2-eth2,60192.00,4052472.00,4112664.00,4052472,60192,912.00,980.00,1892.00,980,912,0.00,0.00,0,0
1611991612.984784,total,12324326.00,12318468.00,24642794.00,12318468,12324326,5686.00,5685.00,11371.00,5685,5686,0.00,0.00,0,0
1611991613.985532,eth0,0.00,0.00,0.00,0,0,0.00,0.00,0.00,0,0,0.00,0.00,0,0
1611991613.985652,s1-eth1,2686458.00,29502.00,2715960.00,29502,2686458,489.00,447.00,936.00,447,489,0.00,0.00,0,0
1611991613.985738,s3-eth1,2682261.75,29472.53,2711734.25,29502,2684944,487.51,446.55,934.07,447,488,0.00,0.00,0,0
1611991613.985751,s2-eth1,2689626.50,29472.53,2719099.00,29502,2692316,489.51,446.55,936.06,447,490,0.00,0.00,0,0
1611991613.985762,s1-eth2,29472.53,2689626.50,2719099.00,2692316,29502,446.55,489.51,936.06,490,447,0.00,0.00,0,0
1611991613.985773,lo,0.00,0.00,0.00,0,0,0.00,0.00,0.00,0,0,0.00,0.00,0,0
1611991613.985781,s3-eth2,29472.53,2689626.50,2719099.00,2692316,29502,446.55,489.51,936.06,490,447,0.00,0.00,0,0
1611991613.985792,s2-eth2,29472.53,2682261.75,2711734.25,2684944,29502,446.55,487.51,934.07,488,447,0.00,0.00,0,0
1611991613.985802,total,8144080.00,8149932.50,16294012.00,8158082,8152224,2805.19,2806.19,5611.39,2809,2808,0.00,0.00,0,0
1611991614.986471,eth0,0.00,0.00,0.00,0,0,0.00,0.00,0.00,0,0,0.00,0.00,0,0
1611991614.986517,s1-eth1,4237820.00,61614.00,4299434.00,61614,4237820,1002.00,933.00,1935.00,933,1002,0.00,0.00,0,0
1611991614.986588,s3-eth1,4243678.00,61614.00,4305292.00,61614,4243678,1003.00,933.00,1936.00,933,1003,0.00,0.00,0,0
1611991614.986604,s2-eth1,4243678.00,61614.00,4305292.00,61614,4243678,1003.00,933.00,1936.00,933,1003,0.00,0.00,0,0
1611991614.986616,s1-eth2,61614.00,4243678.00,4305292.00,4243678,61614,933.00,1003.00,1936.00,1003,933,0.00,0.00,0,0
1611991614.986627,lo,0.00,0.00,0.00,0,0,0.00,0.00,0.00,0,0,0.00,0.00,0,0
1611991614.986636,s3-eth2,61614.00,4226104.00,4287718.00,4226104,61614,933.00,1000.00,1933.00,1000,933,0.00,0.00,0,0
1611991614.986647,s2-eth2,61614.00,4243678.00,4305292.00,4243678,61614,933.00,1003.00,1936.00,1003,933,0.00,0.00,0,0
1611991614.986658,total,12910018.00,12898302.00,25808320.00,12898302,12910018,5807.00,5805.00,11612.00,5805,5807,0.00,0.00,0,0
1611991615.986904,eth0,263.00,259.00,522.00,259,263,4.00,4.00,8.00,4,4,0.00,0.00,0,0
1611991615.986936,s1-eth1,3033750.00,41646.00,3075396.00,41646,3033750,683.00,631.00,1314.00,631,683,0.00,0.00,0,0
1611991615.986959,s3-eth1,3043626.00,41448.00,3085074.00,41448,3043626,701.00,628.00,1329.00,628,701,0.00,0.00,0,0
1611991615.986967,s2-eth1,3034410.00,41646.00,3076056.00,41646,3034410,693.00,631.00,1324.00,631,693,0.00,0.00,0,0
1611991615.986975,s1-eth2,41646.00,3034410.00,3076056.00,3034410,41646,631.00,693.00,1324.00,693,631,0.00,0.00,0,0
1611991615.986982,lo,0.00,0.00,0.00,0,0,0.00,0.00,0.00,0,0,0.00,0.00,0,0
1611991615.986988,s3-eth2,41448.00,3043890.00,3085338.00,3043890,41448,628.00,705.00,1333.00,705,628,0.00,0.00,0,0
1611991615.986995,s2-eth2,41580.00,3043626.00,3085206.00,3043626,41580,630.00,701.00,1331.00,701,630,0.00,0.00,0,0
1611991615.987002,total,9236723.00,9246925.00,18483648.00,9246925,9236723,3970.00,3993.00,7963.00,3993,3970,0.00,0.00,0,0
1611991616.987360,eth0,0.00,0.00,0.00,0,0,0.00,0.00,0.00,0,0,0.00,0.00,0,0
1611991616.987401,s1-eth1,6043966.00,70884.00,6114850.00,70884,6043966,1163.00,1074.00,2237.00,1074,1163,0.00,0.00,0,0
1611991616.987440,s3-eth1,6041462.00,71082.00,6112544.00,71082,6041462,1147.00,1077.00,2224.00,1077,1147,0.00,0.00,0,0
1611991616.987517,s2-eth1,6049164.00,70950.00,6120114.00,70950,6049164,1154.00,1075.00,2229.00,1075,1154,0.00,0.00,0,0
1611991616.987535,s1-eth2,70950.00,6049164.00,6120114.00,6049164,70950,1075.00,1154.00,2229.00,1154,1075,0.00,0.00,0,0
1611991616.987549,lo,516.00,516.00,1032.00,516,516,9.00,9.00,18.00,9,9,0.00,0.00,0,0
1611991616.987561,s3-eth2,71148.00,6039684.00,6110832.00,6039684,71148,1078.00,1142.00,2220.00,1142,1078,0.00,0.00,0,0
1611991616.987575,s2-eth2,71016.00,6041462.00,6112478.00,6041462,71016,1076.00,1147.00,2223.00,1147,1076,0.00,0.00,0,0
1611991616.987587,total,18348222.00,18343742.00,36691964.00,18343742,18348222,6702.00,6678.00,13380.00,6678,6702,0.00,0.00,0,0
1611991617.988747,eth0,1076.92,1076.92,2153.85,1078,1078,13.99,13.99,27.97,14,14,0.00,0.00,0,0
1611991617.988780,s1-eth1,4794585.50,61054.95,4855640.50,61116,4799380,997.00,925.07,1922.08,926,998,0.00,0.00,0,0
1611991617.988810,s3-eth1,4787221.00,61054.95,4848276.00,61116,4792008,995.01,925.07,1920.08,926,996,0.00,0.00,0,0
1611991617.988835,s2-eth1,4794585.50,60989.01,4855574.50,61050,4799380,997.00,924.08,1921.08,925,998,0.00,0.00,0,0
1611991617.988846,s1-eth2,60989.01,4794585.50,4855574.50,4799380,61050,924.08,997.00,1921.08,998,925,0.00,0.00,0,0
1611991617.988857,lo,0.00,0.00,0.00,0,0,0.00,0.00,0.00,0,0,0.00,0.00,0,0
1611991617.988866,s3-eth2,60923.08,4782881.00,4843804.50,4787664,60984,923.08,995.01,1918.08,996,924,0.00,0.00,0,0
1611991617.988877,s2-eth2,60989.01,4787221.00,4848210.00,4792008,61050,924.08,995.01,1919.08,996,925,0.00,0.00,0,0
1611991617.988887,total,14560370.00,14548864.00,29109234.00,14563412,14574930,5774.23,5775.22,11549.45,5781,5780,0.00,0.00,0,0
1611991618.989461,eth0,0.00,0.00,0.00,0,0,0.00,0.00,0.00,0,0,0.00,0.00,0,0
1611991618.989495,s1-eth1,5284278.00,68244.00,5352522.00,68244,5284278,1083.00,1034.00,2117.00,1034,1083,0.00,0.00,0,0
1611991618.989523,s3-eth1,5297508.00,68244.00,5365752.00,68244,5297508,1086.00,1034.00,2120.00,1034,1086,0.00,0.00,0,0
1611991618.989533,s2-eth1,5290136.00,68244.00,5358380.00,68244,5290136,1084.00,1034.00,2118.00,1034,1084,0.00,0.00,0,0
1611991618.989543,s1-eth2,68244.00,5290136.00,5358380.00,5290136,68244,1034.00,1084.00,2118.00,1084,1034,0.00,0.00,0,0
1611991618.989552,lo,0.00,0.00,0.00,0,0,0.00,0.00,0.00,0,0,0.00,0.00,0,0
1611991618.989560,s3-eth2,68310.00,5290136.00,5358446.00,5290136,68310,1035.00,1084.00,2119.00,1084,1035,0.00,0.00,0,0
1611991618.989610,s2-eth2,68244.00,5297508.00,5365752.00,5297508,68244,1034.00,1086.00,2120.00,1086,1034,0.00,0.00,0,0
1611991618.989619,total,16076720.00,16082512.00,32159232.00,16082512,16076720,6356.00,6356.00,12712.00,6356,6356,0.00,0.00,0,0
1611991619.990184,eth0,0.00,0.00,0.00,0,0,0.00,0.00,0.00,0,0,0.00,0.00,0,0
1611991619.990214,s1-eth1,6032436.00,66528.00,6098964.00,66528,6032436,1098.00,1008.00,2106.00,1008,1098,0.00,0.00,0,0
1611991619.990241,s3-eth1,6030922.00,66528.00,6097450.00,66528,6030922,1097.00,1008.00,2105.00,1008,1097,0.00,0.00,0,0
1611991619.990250,s2-eth1,6032436.00,66528.00,6098964.00,66528,6032436,1098.00,1008.00,2106.00,1008,1098,0.00,0.00,0,0
1611991619.990259,s1-eth2,66528.00,6032436.00,6098964.00,6032436,66528,1008.00,1098.00,2106.00,1098,1008,0.00,0.00,0,0
1611991619.990268,lo,0.00,0.00,0.00,0,0,0.00,0.00,0.00,0,0,0.00,0.00,0,0
1611991619.990275,s3-eth2,66528.00,6025064.00,6091592.00,6025064,66528,1008.00,1096.00,2104.00,1096,1008,0.00,0.00,0,0
1611991619.990283,s2-eth2,66528.00,6030922.00,6097450.00,6030922,66528,1008.00,1097.00,2105.00,1097,1008,0.00,0.00,0,0
1611991619.990291,total,18295378.00,18288006.00,36583384.00,18288006,18295378,6317.00,6315.00,12632.00,6315,6317,0.00,0.00,0,0
1611991620.990682,eth0,0.00,0.00,0.00,0,0,0.00,0.00,0.00,0,0,0.00,0.00,0,0
1611991620.990759,s1-eth1,5511606.00,65208.00,5576814.00,65208,5511606,1039.00,988.00,2027.00,988,1039,0.00,0.00,0,0
1611991620.990793,s3-eth1,5488174.00,65142.00,5553316.00,65142,5488174,1035.00,987.00,2022.00,987,1035,0.00,0.00,0,0
1611991620.990805,s2-eth1,5505748.00,65142.00,5570890.00,65142,5505748,1038.00,987.00,2025.00,987,1038,0.00,0.00,0,0
1611991620.990816,s1-eth2,65142.00,5505748.00,5570890.00,5505748,65142,987.00,1038.00,2025.00,1038,987,0.00,0.00,0,0
1611991620.990828,lo,0.00,0.00,0.00,0,0,0.00,0.00,0.00,0,0,0.00,0.00,0,0
1611991620.990837,s3-eth2,65212.00,5488174.00,5553386.00,5488174,65212,988.00,1035.00,2023.00,1035,988,0.00,0.00,0,0
1611991620.990847,s2-eth2,65142.00,5488174.00,5553316.00,5488174,65142,987.00,1035.00,2022.00,1035,987,0.00,0.00,0,0
1611991620.990858,total,16701024.00,16677588.00,33378612.00,16677588,16701024,6074.00,6070.00,12144.00,6070,6074,0.00,0.00,0,0
1611991621.991007,eth0,0.00,0.00,0.00,0,0,0.00,0.00,0.00,0,0,0.00,0.00,0,0
1611991621.991041,s1-eth1,6038294.00,66726.00,6105020.00,66726,6038294,1099.00,1011.00,2110.00,1011,1099,0.00,0.00,0,0
1611991621.991069,s3-eth1,6032436.00,66792.00,6099228.00,66792,6032436,1098.00,1012.00,2110.00,1012,1098,0.00,0.00,0,0
1611991621.991079,s2-eth1,6038294.00,66792.00,6105086.00,66792,6038294,1099.00,1012.00,2111.00,1012,1099,0.00,0.00,0,0
1611991621.991088,s1-eth2,66792.00,6038294.00,6105086.00,6038294,66792,1012.00,1099.00,2111.00,1099,1012,0.00,0.00,0,0
1611991621.991109,lo,516.00,516.00,1032.00,516,516,9.00,9.00,18.00,9,9,0.00,0.00,0,0
1611991621.991118,s3-eth2,66792.00,6038294.00,6105086.00,6038294,66792,1012.00,1099.00,2111.00,1099,1012,0.00,0.00,0,0
1611991621.991128,s2-eth2,66792.00,6032436.00,6099228.00,6032436,66792,1012.00,1098.00,2110.00,1098,1012,0.00,0.00,0,0
1611991621.991136,total,18309916.00,18309850.00,36619768.00,18309850,18309916,6341.00,6340.00,12681.00,6340,6341,0.00,0.00,0,0
1611991622.991757,eth0,0.00,0.00,0.00,0,0,0.00,0.00,0.00,0,0,0.00,0.00,0,0
1611991622.991807,s1-eth1,5804568.00,65802.00,5870370.00,65802,5804568,1068.00,997.00,2065.00,997,1068,0.00,0.00,0,0
1611991622.991841,s3-eth1,5822142.00,65736.00,5887878.00,65736,5822142,1071.00,996.00,2067.00,996,1071,0.00,0.00,0,0
1611991622.991855,s2-eth1,5804568.00,65736.00,5870304.00,65736,5804568,1068.00,996.00,2064.00,996,1068,0.00,0.00,0,0
1611991622.991866,s1-eth2,65736.00,5804568.00,5870304.00,5804568,65736,996.00,1068.00,2064.00,1068,996,0.00,0.00,0,0
1611991622.991877,lo,0.00,0.00,0.00,0,0,0.00,0.00,0.00,0,0,0.00,0.00,0,0
1611991622.991887,s3-eth2,65736.00,5816284.00,5882020.00,5816284,65736,996.00,1070.00,2066.00,1070,996,0.00,0.00,0,0
1611991622.991900,s2-eth2,65736.00,5822142.00,5887878.00,5822142,65736,996.00,1071.00,2067.00,1071,996,0.00,0.00,0,0
1611991622.991911,total,17628486.00,17640268.00,35268752.00,17640268,17628486,6195.00,6198.00,12393.00,6198,6195,0.00,0.00,0,0
1611991623.992317,eth0,1078.00,1078.00,2156.00,1078,1078,14.00,14.00,28.00,14,14,0.00,0.00,0,0
1611991623.992353,s1-eth1,4023306.00,57750.00,4081056.00,57750,4023306,933.00,875.00,1808.00,875,933,0.00,0.00,0,0
1611991623.992376,s3-eth1,4028046.00,57750.00,4085796.00,57750,4028046,939.00,875.00,1814.00,875,939,0.00,0.00,0,0
1611991623.992384,s2-eth1,4020608.00,57816.00,4078424.00,57816,4020608,936.00,876.00,1812.00,876,936,0.00,0.00,0,0
1611991623.992391,s1-eth2,57816.00,4020608.00,4078424.00,4020608,57816,876.00,936.00,1812.00,936,876,0.00,0.00,0,0
1611991623.992398,lo,0.00,0.00,0.00,0,0,0.00,0.00,0.00,0,0,0.00,0.00,0,0
1611991623.992404,s3-eth2,57750.00,4036866.00,4094616.00,4036866,57750,875.00,941.00,1816.00,941,875,0.00,0.00,0,0
1611991623.992412,s2-eth2,57750.00,4028046.00,4085796.00,4028046,57750,875.00,939.00,1814.00,939,875,0.00,0.00,0,0
1611991623.992418,total,12246354.00,12259914.00,24506268.00,12259914,12246354,5448.00,5456.00,10904.00,5456,5448,0.00,0.00,0,0
1611991624.997697,eth0,0.00,0.00,0.00,0,0,0.00,0.00,0.00,0,0,0.00,0.00,0,0
1611991624.997806,s1-eth1,1843703.50,25743.28,1869446.75,25872,1852922,406.97,390.05,797.01,392,409,0.00,0.00,0,0
1611991624.997878,s3-eth1,1750047.75,26009.95,1776057.62,26140,1758798,385.07,394.03,779.10,396,387,0.00,0.00,0,0
1611991624.997906,s2-eth1,1780764.12,25808.96,1806573.12,25938,1789668,392.04,391.04,783.08,393,394,0.00,0.00,0,0
1611991624.997930,s1-eth2,25808.96,1780764.12,1806573.12,1789668,25938,391.04,392.04,783.08,394,393,0.00,0.00,0,0
1611991624.997955,lo,336.32,336.32,672.64,338,338,2.99,2.99,5.97,3,3,0.00,0.00,0,0
1611991624.997978,s3-eth2,26075.62,1735442.75,1761518.38,1744120,26206,395.02,382.09,777.11,384,397,0.00,0.00,0,0
1611991624.998003,s2-eth2,26009.95,1750047.75,1776057.62,1758798,26140,394.03,385.07,779.10,387,396,0.00,0.00,0,0
1611991624.998025,total,5452746.00,5344153.00,10796899.00,5370874,5480010,2367.16,2337.31,4704.48,2349,2379,0.00,0.00,0,0
1611991626.017091,eth0,117.65,117.65,235.29,120,120,1.96,1.96,3.92,2,2,0.00,0.00,0,0
1611991626.017154,s1-eth1,0.00,0.00,0.00,0,0,0.00,0.00,0.00,0,0,0.00,0.00,0,0
1611991626.017185,s3-eth1,0.00,0.00,0.00,0,0,0.00,0.00,0.00,0,0,0.00,0.00,0,0
1611991626.017194,s2-eth1,0.00,0.00,0.00,0,0,0.00,0.00,0.00,0,0,0.00,0.00,0,0
1611991626.017203,s1-eth2,0.00,0.00,0.00,0,0,0.00,0.00,0.00,0,0,0.00,0.00,0,0
1611991626.017211,lo,0.00,0.00,0.00,0,0,0.00,0.00,0.00,0,0,0.00,0.00,0,0
1611991626.017220,s3-eth2,0.00,0.00,0.00,0,0,0.00,0.00,0.00,0,0,0.00,0.00,0,0
1611991626.017229,s2-eth2,0.00,0.00,0.00,0,0,0.00,0.00,0.00,0,0,0.00,0.00,0,0
1611991626.017237,total,117.65,117.65,235.29,120,120,1.96,1.96,3.92,2,2,0.00,0.00,0,0
1611991627.019218,eth0,0.00,0.00,0.00,0,0,0.00,0.00,0.00,0,0,0.00,0.00,0,0
1611991627.019323,s1-eth1,608.78,0.00,608.78,0,610,3.99,0.00,3.99,0,4,0.00,0.00,0,0
1611991627.019390,s3-eth1,179.64,69.86,249.50,70,180,1.00,1.00,2.00,1,1,0.00,0.00,0,0
1611991627.019414,s2-eth1,359.28,69.86,429.14,70,360,2.00,1.00,2.99,1,2,0.00,0.00,0,0
1611991627.019570,s1-eth2,69.86,359.28,429.14,360,70,1.00,2.00,2.99,2,1,0.00,0.00,0,0
1611991627.019598,lo,2688.62,2688.62,5377.25,2694,2694,20.96,20.96,41.92,21,21,0.00,0.00,0,0
1611991627.019622,s3-eth2,249.50,0.00,249.50,0,250,2.00,0.00,2.00,0,2,0.00,0.00,0,0
1611991627.019642,s2-eth2,69.86,179.64,249.50,180,70,1.00,1.00,2.00,1,1,0.00,0.00,0,0
1611991627.019661,total,4225.55,3367.27,7592.81,3374,4234,31.94,25.95,57.88,26,32,0.00,0.00,0,0
1611991628.021236,eth0,0.00,0.00,0.00,0,0,0.00,0.00,0.00,0,0,0.00,0.00,0,0
1611991628.021342,s1-eth1,0.00,0.00,0.00,0,0,0.00,0.00,0.00,0,0,0.00,0.00,0,0
1611991628.021406,s3-eth1,0.00,359.28,359.28,360,0,0.00,2.00,2.00,2,0,0.00,0.00,0,0
1611991628.021429,s2-eth1,0.00,179.64,179.64,180,0,0.00,1.00,1.00,1,0,0.00,0.00,0,0
1611991628.021450,s1-eth2,179.82,0.00,179.82,0,180,1.00,0.00,1.00,0,1,0.00,0.00,0,0
1611991628.021472,lo,1672.33,1672.33,3344.66,1674,1674,8.99,8.99,17.98,9,9,0.00,0.00,0,0
1611991628.021496,s3-eth2,359.64,0.00,359.64,0,360,2.00,0.00,2.00,0,2,0.00,0.00,0,0
1611991628.021516,s2-eth2,359.64,0.00,359.64,0,360,2.00,0.00,2.00,0,2,0.00,0.00,0,0
1611991628.021535,total,2571.43,2211.79,4783.22,2214,2574,13.99,11.99,25.97,12,14,0.00,0.00,0,0
1611991629.022247,eth0,0.00,0.00,0.00,0,0,0.00,0.00,0.00,0,0,0.00,0.00,0,0
1611991629.022346,s1-eth1,69.93,69.93,139.86,70,70,1.00,1.00,2.00,1,1,0.00,0.00,0,0
1611991629.022409,s3-eth1,0.00,69.93,69.93,70,0,0.00,1.00,1.00,1,0,0.00,0.00,0,0
1611991629.022430,s2-eth1,69.93,69.93,139.86,70,70,1.00,1.00,2.00,1,1,0.00,0.00,0,0
1611991629.022449,s1-eth2,70.00,70.00,140.00,70,70,1.00,1.00,2.00,1,1,0.00,0.00,0,0
1611991629.022469,lo,1352.00,1352.00,2704.00,1352,1352,12.00,12.00,24.00,12,12,0.00,0.00,0,0
1611991629.022490,s3-eth2,70.00,0.00,70.00,0,70,1.00,0.00,1.00,0,1,0.00,0.00,0,0
1611991629.022509,s2-eth2,70.00,0.00,70.00,0,70,1.00,0.00,1.00,0,1,0.00,0.00,0,0
1611991629.022525,total,1702.00,1632.00,3334.00,1632,1702,17.00,16.00,33.00,16,17,0.00,0.00,0,0
1611991630.022882,eth0,1078.00,1078.00,2156.00,1078,1078,14.00,14.00,28.00,14,14,0.00,0.00,0,0
1611991630.022945,s1-eth1,0.00,0.00,0.00,0,0,0.00,0.00,0.00,0,0,0.00,0.00,0,0
1611991630.022976,s3-eth1,0.00,0.00,0.00,0,0,0.00,0.00,0.00,0,0,0.00,0.00,0,0
1611991630.022986,s2-eth1,0.00,0.00,0.00,0,0,0.00,0.00,0.00,0,0,0.00,0.00,0,0
1611991630.022995,s1-eth2,0.00,0.00,0.00,0,0,0.00,0.00,0.00,0,0,0.00,0.00,0,0
1611991630.023003,lo,0.00,0.00,0.00,0,0,0.00,0.00,0.00,0,0,0.00,0.00,0,0
1611991630.023012,s3-eth2,0.00,0.00,0.00,0,0,0.00,0.00,0.00,0,0,0.00,0.00,0,0
1611991630.023021,s2-eth2,0.00,0.00,0.00,0,0,0.00,0.00,0.00,0,0,0.00,0.00,0,0
1611991630.023029,total,1078.00,1078.00,2156.00,1078,1078,14.00,14.00,28.00,14,14,0.00,0.00,0,0
1611991631.027976,eth0,0.00,0.00,0.00,0,0,0.00,0.00,0.00,0,0,0.00,0.00,0,0
1611991631.028037,s1-eth1,0.00,0.00,0.00,0,0,0.00,0.00,0.00,0,0,0.00,0.00,0,0
1611991631.028068,s3-eth1,0.00,0.00,0.00,0,0,0.00,0.00,0.00,0,0,0.00,0.00,0,0
1611991631.028078,s2-eth1,0.00,0.00,0.00,0,0,0.00,0.00,0.00,0,0,0.00,0.00,0,0
1611991631.028086,s1-eth2,0.00,0.00,0.00,0,0,0.00,0.00,0.00,0,0,0.00,0.00,0,0
1611991631.028095,lo,0.00,0.00,0.00,0,0,0.00,0.00,0.00,0,0,0.00,0.00,0,0
1611991631.028104,s3-eth2,0.00,0.00,0.00,0,0,0.00,0.00,0.00,0,0,0.00,0.00,0,0
1611991631.028113,s2-eth2,0.00,0.00,0.00,0,0,0.00,0.00,0.00,0,0,0.00,0.00,0,0
1611991631.028120,total,0.00,0.00,0.00,0,0,0.00,0.00,0.00,0,0,0.00,0.00,0,0
1611991632.028752,eth0,0.00,0.00,0.00,0,0,0.00,0.00,0.00,0,0,0.00,0.00,0,0
1611991632.028823,s1-eth1,140.00,0.00,140.00,0,140,2.00,0.00,2.00,0,2,0.00,0.00,0,0
1611991632.028864,s3-eth1,140.00,0.00,140.00,0,140,2.00,0.00,2.00,0,2,0.00,0.00,0,0
1611991632.028877,s2-eth1,140.00,0.00,140.00,0,140,2.00,0.00,2.00,0,2,0.00,0.00,0,0
1611991632.028907,s1-eth2,0.00,140.00,140.00,140,0,0.00,2.00,2.00,2,0,0.00,0.00,0,0
1611991632.028920,lo,1690.00,1690.00,3380.00,1690,1690,15.00,15.00,30.00,15,15,0.00,0.00,0,0
1611991632.028935,s3-eth2,0.00,70.00,70.00,70,0,0.00,1.00,1.00,1,0,0.00,0.00,0,0
1611991632.028948,s2-eth2,0.00,140.00,140.00,140,0,0.00,2.00,2.00,2,0,0.00,0.00,0,0
1611991632.028959,total,2110.00,2040.00,4150.00,2040,2110,21.00,20.00,41.00,20,21,0.00,0.00,0,0
1611991633.029744,eth0,0.00,0.00,0.00,0,0,0.00,0.00,0.00,0,0,0.00,0.00,0,0
1611991633.029804,s1-eth1,0.00,0.00,0.00,0,0,0.00,0.00,0.00,0,0,0.00,0.00,0,0
1611991633.029840,s3-eth1,0.00,0.00,0.00,0,0,0.00,0.00,0.00,0,0,0.00,0.00,0,0
1611991633.029852,s2-eth1,0.00,0.00,0.00,0,0,0.00,0.00,0.00,0,0,0.00,0.00,0,0
1611991633.029862,s1-eth2,0.00,0.00,0.00,0,0,0.00,0.00,0.00,0,0,0.00,0.00,0,0
1611991633.029873,lo,0.00,0.00,0.00,0,0,0.00,0.00,0.00,0,0,0.00,0.00,0,0
1611991633.029883,s3-eth2,0.00,0.00,0.00,0,0,0.00,0.00,0.00,0,0,0.00,0.00,0,0
1611991633.029894,s2-eth2,0.00,0.00,0.00,0,0,0.00,0.00,0.00,0,0,0.00,0.00,0,0
1611991633.029904,total,0.00,0.00,0.00,0,0,0.00,0.00,0.00,0,0,0.00,0.00,0,0
