1611989298.712980,eth0,0.00,0.00,0.00,0,0,0.00,0.00,0.00,0,0,0.00,0.00,0,0
1611989298.713031,s1-eth1,0.00,0.00,0.00,0,0,0.00,0.00,0.00,0,0,0.00,0.00,0,0
1611989298.713059,s3-eth1,0.00,0.00,0.00,0,0,0.00,0.00,0.00,0,0,0.00,0.00,0,0
1611989298.713068,s2-eth1,0.00,0.00,0.00,0,0,0.00,0.00,0.00,0,0,0.00,0.00,0,0
1611989298.713076,s1-eth2,0.00,0.00,0.00,0,0,0.00,0.00,0.00,0,0,0.00,0.00,0,0
1611989298.713085,lo,0.00,0.00,0.00,0,0,0.00,0.00,0.00,0,0,0.00,0.00,0,0
1611989298.713096,s3-eth2,0.00,0.00,0.00,0,0,0.00,0.00,0.00,0,0,0.00,0.00,0,0
1611989298.713107,s2-eth2,0.00,0.00,0.00,0,0,0.00,0.00,0.00,0,0,0.00,0.00,0,0
1611989298.713114,total,0.00,0.00,0.00,0,0,0.00,0.00,0.00,0,0,0.00,0.00,0,0
1611989299.713384,eth0,0.00,0.00,0.00,0,0,0.00,0.00,0.00,0,0,0.00,0.00,0,0
1611989299.713416,s1-eth1,1211960.00,26692.00,1238652.00,26692,1211960,435.00,404.00,839.00,404,435,0.00,0.00,0,0
1611989299.713443,s3-eth1,1216001.00,28342.00,1244343.00,28342,1216001,425.00,415.00,840.00,415,425,0.00,0.00,0,0
1611989299.713453,s2-eth1,1211043.00,27699.00,1238742.00,27699,1211043,430.00,410.00,840.00,410,430,0.00,0.00,0,0
1611989299.713462,s1-eth2,27699.00,1211043.00,1238742.00,1211043,27699,410.00,430.00,840.00,430,410,0.00,0.00,0,0
1611989299.713471,lo,20692.00,20692.00,41384.00,20692,20692,126.00,126.00,252.00,126,126,0.00,0.00,0,0
1611989299.713480,s3-eth2,29562.00,1215104.00,1244666.00,1215104,29562,422.00,420.00,842.00,420,422,0.00,0.00,0,0
1611989299.713489,s2-eth2,28342.00,1216001.00,1244343.00,1216001,28342,415.00,425.00,840.00,425,415,0.00,0.00,0,0
1611989299.713496,total,3745299.00,3745573.00,7490872.00,3745573,3745299,2663.00,2630.00,5293.00,2630,2663,0.00,0.00,0,0
1611989300.718402,eth0,0.00,0.00,0.00,0,0,0.00,0.00,0.00,0,0,0.00,0.00,0,0
1611989300.718445,s1-eth1,965295.50,21367.16,986662.69,21474,970122,338.31,323.38,661.69,325,340,0.00,0.00,0,0
1611989300.718517,s3-eth1,961467.62,22503.48,983971.12,22616,966275,332.34,329.35,661.69,331,334,0.00,0.00,0,0
1611989300.718535,s2-eth1,968042.75,21632.84,989675.62,21741,972883,338.31,325.37,663.68,327,340,0.00,0.00,0,0
1611989300.718548,s1-eth2,21632.84,968042.75,989675.62,972883,21741,325.37,338.31,663.68,340,327,0.00,0.00,0,0
1611989300.718560,lo,8851.74,8851.74,17703.48,8896,8896,50.75,50.75,101.49,51,51,0.00,0.00,0,0
1611989300.718572,s3-eth2,22703.48,964214.94,986918.38,969036,22817,330.35,332.34,662.69,334,332,0.00,0.00,0,0
1611989300.718584,s2-eth2,22569.15,964414.94,986984.06,969237,22682,330.35,333.33,663.68,335,332,0.00,0.00,0,0
1611989300.718595,total,2970563.25,2971027.75,5941591.00,2985883,2985416,2045.77,2032.84,4078.61,2043,2056,0.00,0.00,0,0
1611989301.718936,eth0,0.00,0.00,0.00,0,0,0.00,0.00,0.00,0,0,0.00,0.00,0,0
1611989301.718985,s1-eth1,925167.00,20394.00,945561.00,20394,925167,322.00,309.00,631.00,309,322,0.00,0.00,0,0
1611989301.719024,s3-eth1,924786.00,20841.00,945627.00,20841,924786,320.00,312.00,632.00,312,320,0.00,0.00,0,0
1611989301.719038,s2-eth1,922025.00,20508.00,942533.00,20508,922025,320.00,309.00,629.00,309,320,0.00,0.00,0,0
1611989301.719051,s1-eth2,20508.00,922025.00,942533.00,922025,20508,309.00,320.00,629.00,320,309,0.00,0.00,0,0
1611989301.719064,lo,3432.00,3432.00,6864.00,3432,3432,18.00,18.00,36.00,18,18,0.00,0.00,0,0
1611989301.719077,s3-eth2,20955.00,921644.00,942599.00,921644,20955,312.00,318.00,630.00,318,312,0.00,0.00,0,0
1611989301.719090,s2-eth2,20775.00,921824.00,942599.00,921824,20775,311.00,319.00,630.00,319,311,0.00,0.00,0,0
1611989301.719101,total,2837648.00,2830668.00,5668316.00,2830668,2837648,1912.00,1905.00,3817.00,1905,1912,0.00,0.00,0,0
1611989302.719388,eth0,0.00,0.00,0.00,0,0,0.00,0.00,0.00,0,0,0.00,0.00,0,0
1611989302.719430,s1-eth1,791972.00,17226.00,809198.00,17226,791972,278.00,261.00,539.00,261,278,0.00,0.00,0,0
1611989302.719471,s3-eth1,791521.00,17677.00,809198.00,17677,791521,275.00,264.00,539.00,264,275,0.00,0.00,0,0
1611989302.719483,s2-eth1,791701.00,17563.00,809264.00,17563,791701,276.00,264.00,540.00,264,276,0.00,0.00,0,0
1611989302.719494,s1-eth2,17563.00,791701.00,809264.00,791701,17563,264.00,276.00,540.00,276,264,0.00,0.00,0,0
1611989302.719515,lo,4868.00,4868.00,9736.00,4868,4868,30.00,30.00,60.00,30,30,0.00,0.00,0,0
1611989302.719525,s3-eth2,17813.00,794212.00,812025.00,794212,17813,266.00,274.00,540.00,274,266,0.00,0.00,0,0
1611989302.719535,s2-eth2,17677.00,791521.00,809198.00,791521,17677,264.00,275.00,539.00,275,264,0.00,0.00,0,0
1611989302.719544,total,2433115.00,2434768.00,4867883.00,2434768,2433115,1653.00,1644.00,3297.00,1644,1653,0.00,0.00,0,0
1611989303.721621,eth0,0.00,0.00,0.00,0,0,0.00,0.00,0.00,0,0,0.00,0.00,0,0
1611989303.721652,s1-eth1,792967.06,17327.35,810294.44,17362,794553,276.45,262.48,538.92,263,277,0.00,0.00,0,0
1611989303.721681,s3-eth1,801564.88,17462.08,819026.94,17497,803168,277.45,262.48,539.92,263,278,0.00,0.00,0,0
1611989303.721692,s2-eth1,801835.38,17261.48,819096.81,17296,803439,279.44,261.48,540.92,262,280,0.00,0.00,0,0
1611989303.721702,s1-eth2,17261.48,801835.38,819096.81,803439,17296,261.48,279.44,540.92,280,262,0.00,0.00,0,0
1611989303.721712,lo,3558.88,3558.88,7117.76,3566,3566,26.95,26.95,53.89,27,27,0.00,0.00,0,0
1611989303.721722,s3-eth2,17596.81,801564.88,819161.69,803168,17632,262.48,277.45,539.92,278,263,0.00,0.00,0,0
1611989303.721732,s2-eth2,17462.08,801564.88,819026.94,803168,17497,262.48,277.45,539.92,278,263,0.00,0.00,0,0
1611989303.721741,total,2452246.50,2460575.00,4912821.50,2465496,2457151,1646.71,1647.70,3294.41,1651,1650,0.00,0.00,0,0
1611989304.721933,eth0,0.00,0.00,0.00,0,0,0.00,0.00,0.00,0,0,0.00,0.00,0,0
1611989304.721972,s1-eth1,1026828.00,22572.00,1049400.00,22572,1026828,354.00,342.00,696.00,342,354,0.00,0.00,0,0
1611989304.722003,s3-eth1,1026828.00,22708.00,1049536.00,22708,1026828,354.00,344.00,698.00,344,354,0.00,0.00,0,0
1611989304.722014,s2-eth1,1017942.00,22638.00,1040580.00,22638,1017942,351.00,343.00,694.00,343,351,0.00,0.00,0,0
1611989304.722024,s1-eth2,22638.00,1017942.00,1040580.00,1017942,22638,343.00,351.00,694.00,351,343,0.00,0.00,0,0
1611989304.722035,lo,338.00,338.00,676.00,338,338,3.00,3.00,6.00,3,3,0.00,0.00,0,0
1611989304.722044,s3-eth2,22774.00,1025380.00,1048154.00,1025380,22774,345.00,354.00,699.00,354,345,0.00,0.00,0,0
1611989304.722054,s2-eth2,22708.00,1026828.00,1049536.00,1026828,22708,344.00,354.00,698.00,354,344,0.00,0.00,0,0
1611989304.722063,total,3140056.00,3138406.00,6278462.00,3138406,3140056,2094.00,2091.00,4185.00,2091,2094,0.00,0.00,0,0
1611989305.722849,eth0,0.00,0.00,0.00,0,0,0.00,0.00,0.00,0,0,0.00,0.00,0,0
1611989305.722915,s1-eth1,1006454.00,21912.00,1028366.00,21912,1006454,349.00,332.00,681.00,332,349,0.00,0.00,0,0
1611989305.722978,s3-eth1,1004826.00,22026.00,1026852.00,22026,1004826,348.00,332.00,680.00,332,348,0.00,0.00,0,0
1611989305.723002,s2-eth1,1006274.00,22026.00,1028300.00,22026,1006274,348.00,332.00,680.00,332,348,0.00,0.00,0,0
1611989305.723024,s1-eth2,22026.00,1006274.00,1028300.00,1006274,22026,332.00,348.00,680.00,348,332,0.00,0.00,0,0
1611989305.723045,lo,2229.77,2229.77,4459.54,2232,2232,11.99,11.99,23.98,12,12,0.00,0.00,0,0
1611989305.723068,s3-eth2,22117.88,1002129.88,1024247.75,1003132,22140,331.67,345.65,677.32,346,332,0.00,0.00,0,0
1611989305.723092,s2-eth2,22004.00,1003822.19,1025826.19,1004826,22026,331.67,347.65,679.32,348,332,0.00,0.00,0,0
1611989305.723131,total,3082895.25,3079348.75,6162244.00,3082428,3085978,2050.95,2047.95,4098.90,2050,2053,0.00,0.00,0,0
1611989306.725358,eth0,0.00,0.00,0.00,0,0,0.00,0.00,0.00,0,0,0.00,0.00,0,0
1611989306.725421,s1-eth1,714437.12,15610.78,730047.94,15642,715866,247.50,236.53,484.03,237,248,0.00,0.00,0,0
1611989306.725485,s3-eth1,715702.62,15790.42,731493.06,15822,717134,246.51,237.52,484.03,238,247,0.00,0.00,0,0
1611989306.725510,s2-eth1,717393.25,15610.78,733004.00,15642,718828,248.50,236.53,485.03,237,249,0.00,0.00,0,0
1611989306.725534,s1-eth2,15610.78,717393.25,733004.00,718828,15642,236.53,248.50,485.03,249,237,0.00,0.00,0,0
1611989306.725557,lo,1113.77,1113.77,2227.54,1116,1116,5.99,5.99,11.98,6,6,0.00,0.00,0,0
1611989306.725579,s3-eth2,15790.42,718658.69,734449.12,720096,15822,237.52,247.50,485.03,248,238,0.00,0.00,0,0
1611989306.725603,s2-eth2,15790.42,715702.62,731493.06,717134,15822,237.52,246.51,484.03,247,238,0.00,0.00,0,0
1611989306.725648,total,2195838.50,2199880.25,4395718.50,2204280,2200230,1460.08,1459.08,2919.16,1462,1463,0.00,0.00,0,0
1611989307.730347,eth0,0.00,0.00,0.00,0,0,0.00,0.00,0.00,0,0,0.00,0.00,0,0
1611989307.730406,s1-eth1,383723.12,8480.08,392203.19,8514,385258,132.47,128.49,260.96,129,133,0.00,0.00,0,0
1611989307.730454,s3-eth1,380772.91,8480.08,389253.00,8514,382296,131.47,128.49,259.96,129,132,0.00,0.00,0,0
1611989307.730473,s2-eth1,380772.91,8480.08,389253.00,8514,382296,131.47,128.49,259.96,129,132,0.00,0.00,0,0
1611989307.730489,s1-eth2,8480.08,380772.91,389253.00,382296,8514,128.49,131.47,259.96,132,129,0.00,0.00,0,0
1611989307.730506,lo,0.00,0.00,0.00,0,0,0.00,0.00,0.00,0,0,0.00,0.00,0,0
1611989307.730533,s3-eth2,8414.34,380772.91,389187.25,382296,8448,127.49,131.47,258.96,132,128,0.00,0.00,0,0
1611989307.730553,s2-eth2,8480.08,380772.91,389253.00,382296,8514,128.49,131.47,259.96,132,129,0.00,0.00,0,0
1611989307.730568,total,1170643.50,1167759.00,2338402.50,1172430,1175326,779.88,779.88,1559.76,783,783,0.00,0.00,0,0
1611989308.731231,eth0,0.00,0.00,0.00,0,0,0.00,0.00,0.00,0,0,0.00,0.00,0,0
1611989308.731285,s1-eth1,508214.00,11088.00,519302.00,11088,508214,175.00,168.00,343.00,168,175,0.00,0.00,0,0
1611989308.731326,s3-eth1,509728.00,11154.00,520882.00,11154,509728,176.00,169.00,345.00,169,176,0.00,0.00,0,0
1611989308.731341,s2-eth1,509728.00,11154.00,520882.00,11154,509728,176.00,169.00,345.00,169,176,0.00,0.00,0,0
1611989308.731355,s1-eth2,11154.00,509728.00,520882.00,509728,11154,169.00,176.00,345.00,176,169,0.00,0.00,0,0
1611989308.731368,lo,0.00,0.00,0.00,0,0,0.00,0.00,0.00,0,0,0.00,0.00,0,0
1611989308.731379,s3-eth2,11220.00,512690.00,523910.00,512690,11220,170.00,177.00,347.00,177,170,0.00,0.00,0,0
1611989308.731392,s2-eth2,11154.00,509728.00,520882.00,509728,11154,169.00,176.00,345.00,176,169,0.00,0.00,0,0
1611989308.731404,total,1561198.00,1565542.00,3126740.00,1565542,1561198,1035.00,1035.00,2070.00,1035,1035,0.00,0.00,0,0
1611989309.731605,eth0,0.00,0.00,0.00,0,0,0.00,0.00,0.00,0,0,0.00,0.00,0,0
1611989309.731638,s1-eth1,668430.00,14124.00,682554.00,14124,668430,255.00,214.00,469.00,214,255,0.00,0.00,0,0
1611989309.731668,s3-eth1,665534.00,14124.00,679658.00,14124,665534,255.00,214.00,469.00,214,255,0.00,0.00,0,0
1611989309.731694,s2-eth1,665468.00,14124.00,679592.00,14124,665468,254.00,214.00,468.00,214,254,0.00,0.00,0,0
1611989309.731706,s1-eth2,14124.00,665468.00,679592.00,665468,14124,214.00,254.00,468.00,254,214,0.00,0.00,0,0
1611989309.731716,lo,0.00,0.00,0.00,0,0,0.00,0.00,0.00,0,0,0.00,0.00,0,0
1611989309.731724,s3-eth2,14124.00,676066.00,690190.00,676066,14124,214.00,261.00,475.00,261,214,0.00,0.00,0,0
1611989309.731735,s2-eth2,14124.00,665534.00,679658.00,665534,14124,214.00,255.00,469.00,255,214,0.00,0.00,0,0
1611989309.731744,total,2041804.00,2049440.00,4091244.00,2049440,2041804,1406.00,1412.00,2818.00,1412,1406,0.00,0.00,0,0
1611989310.732035,eth0,0.00,0.00,0.00,0,0,0.00,0.00,0.00,0,0,0.00,0.00,0,0
1611989310.732074,s1-eth1,1114714.00,23764.00,1138478.00,23764,1114714,413.00,360.00,773.00,360,413,0.00,0.00,0,0
1611989310.732103,s3-eth1,1116026.00,23834.00,1139860.00,23834,1116026,411.00,361.00,772.00,361,411,0.00,0.00,0,0
1611989310.732113,s2-eth1,1116162.00,23768.00,1139930.00,23768,1116162,413.00,360.00,773.00,360,413,0.00,0.00,0,0
1611989310.732122,s1-eth2,23768.00,1116162.00,1139930.00,1116162,23768,360.00,413.00,773.00,413,360,0.00,0.00,0,0
1611989310.732132,lo,2704.00,2704.00,5408.00,2704,2704,24.00,24.00,48.00,24,24,0.00,0.00,0,0
1611989310.732141,s3-eth2,23904.00,1112862.00,1136766.00,1112862,23904,362.00,407.00,769.00,407,362,0.00,0.00,0,0
1611989310.732150,s2-eth2,23834.00,1116026.00,1139860.00,1116026,23834,361.00,411.00,772.00,411,361,0.00,0.00,0,0
1611989310.732159,total,3421112.00,3419120.00,6840232.00,3419120,3421112,2344.00,2336.00,4680.00,2336,2344,0.00,0.00,0,0
1611989311.732414,eth0,0.00,0.00,0.00,0,0,0.00,0.00,0.00,0,0,0.00,0.00,0,0
1611989311.732458,s1-eth1,1222592.00,26598.00,1249190.00,26598,1222592,424.00,403.00,827.00,403,424,0.00,0.00,0,0
1611989311.732520,s3-eth1,1222522.00,26598.00,1249120.00,26598,1222522,423.00,403.00,826.00,403,423,0.00,0.00,0,0
1611989311.732536,s2-eth1,1222522.00,26664.00,1249186.00,26664,1222522,423.00,404.00,827.00,404,423,0.00,0.00,0,0
1611989311.732550,s1-eth2,26664.00,1222522.00,1249186.00,1222522,26664,404.00,423.00,827.00,423,404,0.00,0.00,0,0
1611989311.732563,lo,1014.00,1014.00,2028.00,1014,1014,9.00,9.00,18.00,9,9,0.00,0.00,0,0
1611989311.732576,s3-eth2,26664.00,1223970.00,1250634.00,1223970,26664,404.00,423.00,827.00,423,404,0.00,0.00,0,0
1611989311.732590,s2-eth2,26598.00,1222522.00,1249120.00,1222522,26598,403.00,423.00,826.00,423,403,0.00,0.00,0,0
1611989311.732602,total,3748576.00,3749888.00,7498464.00,3749888,3748576,2490.00,2488.00,4978.00,2488,2490,0.00,0.00,0,0
1611989312.735960,eth0,0.00,0.00,0.00,0,0,0.00,0.00,0.00,0,0,0.00,0.00,0,0
1611989312.735996,s1-eth1,703176.50,15266.20,718442.69,15312,705286,242.27,231.31,473.58,232,243,0.00,0.00,0,0
1611989312.736027,s3-eth1,706129.62,15270.19,721399.81,15316,708248,243.27,231.31,474.58,232,244,0.00,0.00,0,0
1611989312.736039,s2-eth1,706129.62,15200.40,721330.00,15246,708248,243.27,230.31,473.58,231,244,0.00,0.00,0,0
1611989312.736049,s1-eth2,15200.40,706129.62,721330.00,708248,15246,230.31,243.27,473.58,244,231,0.00,0.00,0,0
1611989312.736060,lo,336.99,336.99,673.98,338,338,2.99,2.99,5.98,3,3,0.00,0.00,0,0
1611989312.736069,s3-eth2,15204.39,713545.38,728749.75,715686,15250,230.31,246.26,476.57,247,231,0.00,0.00,0,0
1611989312.736080,s2-eth2,15270.19,706129.62,721399.81,708248,15316,231.31,243.27,474.58,244,232,0.00,0.00,0,0
1611989312.736090,total,2161447.75,2171878.50,4333326.00,2178394,2167932,1423.73,1428.71,2852.44,1433,1428,0.00,0.00,0,0
1611989313.736827,eth0,0.00,0.00,0.00,0,0,0.00,0.00,0.00,0,0,0.00,0.00,0,0
1611989313.736876,s1-eth1,612310.00,13332.00,625642.00,13332,612310,213.00,202.00,415.00,202,213,0.00,0.00,0,0
1611989313.736908,s3-eth1,616606.00,13512.00,630118.00,13512,616606,214.00,203.00,417.00,203,214,0.00,0.00,0,0
1611989313.736920,s2-eth1,615092.00,13512.00,628604.00,13512,615092,213.00,203.00,416.00,203,213,0.00,0.00,0,0
1611989313.736930,s1-eth2,13512.00,615092.00,628604.00,615092,13512,203.00,213.00,416.00,213,203,0.00,0.00,0,0
1611989313.736940,lo,2232.00,2232.00,4464.00,2232,2232,12.00,12.00,24.00,12,12,0.00,0.00,0,0
1611989313.736949,s3-eth2,13692.00,608988.00,622680.00,608988,13692,204.00,210.00,414.00,210,204,0.00,0.00,0,0
1611989313.736959,s2-eth2,13512.00,616606.00,630118.00,616606,13512,203.00,214.00,417.00,214,203,0.00,0.00,0,0
1611989313.736969,total,1886956.00,1883274.00,3770230.00,1883274,1886956,1262.00,1257.00,2519.00,1257,1262,0.00,0.00,0,0
1611989314.740610,eth0,0.00,0.00,0.00,0,0,0.00,0.00,0.00,0,0,0.00,0.00,0,0
1611989314.740666,s1-eth1,656105.69,14279.16,670384.88,14322,658074,227.32,216.35,443.67,217,228,0.00,0.00,0,0
1611989314.740711,s3-eth1,648510.50,14458.62,662969.12,14502,650456,223.33,217.35,440.68,218,224,0.00,0.00,0,0
1611989314.740730,s2-eth1,653152.56,14279.16,667431.69,14322,655112,226.32,216.35,442.67,217,227,0.00,0.00,0,0
1611989314.740746,s1-eth2,14279.16,653152.56,667431.69,655112,14322,216.35,226.32,442.67,227,217,0.00,0.00,0,0
1611989314.740762,lo,1112.66,1112.66,2225.32,1116,1116,5.98,5.98,11.96,6,6,0.00,0.00,0,0
1611989314.740778,s3-eth2,14458.62,652973.06,667431.69,654932,14502,217.35,225.32,442.67,226,218,0.00,0.00,0,0
1611989314.740795,s2-eth2,14458.62,648510.50,662969.12,650456,14502,217.35,223.33,440.68,224,218,0.00,0.00,0,0
1611989314.740822,total,2002077.75,1998765.75,4000843.50,2004762,2008084,1334.00,1331.01,2665.01,1335,1338,0.00,0.00,0,0
1611989315.741290,eth0,0.00,0.00,0.00,0,0,0.00,0.00,0.00,0,0,0.00,0.00,0,0
1611989315.741333,s1-eth1,597140.00,12936.00,610076.00,12936,597140,206.00,196.00,402.00,196,206,0.00,0.00,0,0
1611989315.741427,s3-eth1,603064.00,13002.00,616066.00,13002,603064,208.00,197.00,405.00,197,208,0.00,0.00,0,0
1611989315.741444,s2-eth1,600102.00,13002.00,613104.00,13002,600102,207.00,197.00,404.00,197,207,0.00,0.00,0,0
1611989315.741507,s1-eth2,13002.00,600102.00,613104.00,600102,13002,197.00,207.00,404.00,207,197,0.00,0.00,0,0
1611989315.741568,lo,0.00,0.00,0.00,0,0,0.00,0.00,0.00,0,0,0.00,0.00,0,0
1611989315.741585,s3-eth2,13068.00,606026.00,619094.00,606026,13068,198.00,209.00,407.00,209,198,0.00,0.00,0,0
1611989315.741597,s2-eth2,13002.00,603064.00,616066.00,603064,13002,197.00,208.00,405.00,208,197,0.00,0.00,0,0
1611989315.741607,total,1839378.00,1848132.00,3687510.00,1848132,1839378,1213.00,1214.00,2427.00,1214,1213,0.00,0.00,0,0
1611989316.773307,eth0,0.00,0.00,0.00,0,0,0.00,0.00,0.00,0,0,0.00,0.00,0,0
1611989316.773382,s1-eth1,795416.62,17331.39,812748.06,17886,820870,274.22,262.60,536.82,271,283,0.00,0.00,0,0
1611989316.773447,s3-eth1,796883.69,17267.44,814151.12,17820,822384,275.19,261.63,536.82,270,284,0.00,0.00,0,0
1611989316.773473,s2-eth1,792546.50,17267.44,809813.94,17820,817908,273.26,261.63,534.88,270,282,0.00,0.00,0,0
1611989316.773497,s1-eth2,17284.19,793315.19,810599.38,817908,17820,261.88,273.52,535.40,282,270,0.00,0.00,0,0
1611989316.773539,lo,0.00,0.00,0.00,0,0,0.00,0.00,0.00,0,0,0.00,0.00,0,0
1611989316.773559,s3-eth2,17220.17,796188.12,813408.31,820870,17754,260.91,274.49,535.40,283,269,0.00,0.00,0,0
1611989316.773583,s2-eth2,17284.19,797656.62,814940.81,822384,17820,261.88,275.46,537.34,284,270,0.00,0.00,0,0
1611989316.773604,total,2438948.50,2439076.50,4878025.00,2514688,2514556,1608.15,1610.09,3218.23,1660,1658,0.00,0.00,0,0
1611989317.905827,eth0,0.00,0.00,0.00,0,0,0.00,0.00,0.00,0,0,0.00,0.00,0,0
1611989317.905902,s1-eth1,418890.47,9153.71,428044.16,10362,474184,144.88,138.69,283.57,157,164,0.00,0.00,0,0
1611989317.905966,s3-eth1,425402.81,9153.71,434556.53,10362,481556,146.64,138.69,285.34,157,166,0.00,0.00,0,0
1611989317.906107,s2-eth1,424123.66,9153.71,433277.38,10362,480108,146.64,138.69,285.34,157,166,0.00,0.00,0,0
1611989317.906133,s1-eth2,9153.71,424123.66,433277.38,480108,10362,138.69,146.64,285.34,166,157,0.00,0.00,0,0
1611989317.906156,lo,0.00,0.00,0.00,0,0,0.00,0.00,0.00,0,0,0.00,0.00,0,0
1611989317.906174,s3-eth2,9153.71,420169.59,429323.31,475632,10362,138.69,144.88,283.57,164,157,0.00,0.00,0,0
1611989317.906198,s2-eth2,9153.71,425402.81,434556.53,481556,10362,138.69,146.64,285.34,166,157,0.00,0.00,0,0
1611989317.906219,total,1295878.12,1297157.25,2593035.25,1468382,1466934,854.24,854.24,1708.48,967,967,0.00,0.00,0,0
1611989318.906556,eth0,0.00,0.00,0.00,0,0,0.00,0.00,0.00,0,0,0.00,0.00,0,0
1611989318.906582,s1-eth1,1177956.00,25608.00,1203564.00,25608,1177956,406.00,388.00,794.00,388,406,0.00,0.00,0,0
1611989318.906612,s3-eth1,1176508.00,25740.00,1202248.00,25740,1176508,406.00,390.00,796.00,390,406,0.00,0.00,0,0
1611989318.906621,s2-eth1,1177956.00,25674.00,1203630.00,25674,1177956,406.00,389.00,795.00,389,406,0.00,0.00,0,0
1611989318.906629,s1-eth2,25674.00,1177956.00,1203630.00,1177956,25674,389.00,406.00,795.00,406,389,0.00,0.00,0,0
1611989318.906637,lo,172.00,172.00,344.00,172,172,3.00,3.00,6.00,3,3,0.00,0.00,0,0
1611989318.906643,s3-eth2,25740.00,1176508.00,1202248.00,1176508,25740,390.00,406.00,796.00,406,390,0.00,0.00,0,0
1611989318.906651,s2-eth2,25740.00,1176508.00,1202248.00,1176508,25740,390.00,406.00,796.00,406,390,0.00,0.00,0,0
1611989318.906658,total,3609746.00,3608166.00,7217912.00,3608166,3609746,2390.00,2388.00,4778.00,2388,2390,0.00,0.00,0,0
1611989319.907363,eth0,0.00,0.00,0.00,0,0,0.00,0.00,0.00,0,0,0.00,0.00,0,0
1611989319.907474,s1-eth1,1220938.00,26532.00,1247470.00,26532,1220938,421.00,402.00,823.00,402,421,0.00,0.00,0,0
1611989319.907500,s3-eth1,1220938.00,26466.00,1247404.00,26466,1220938,421.00,401.00,822.00,401,421,0.00,0.00,0,0
1611989319.907508,s2-eth1,1219490.00,26466.00,1245956.00,26466,1219490,421.00,401.00,822.00,401,421,0.00,0.00,0,0
1611989319.907515,s1-eth2,26466.00,1219490.00,1245956.00,1219490,26466,401.00,421.00,822.00,421,401,0.00,0.00,0,0
1611989319.907523,lo,344.00,344.00,688.00,344,344,6.00,6.00,12.00,6,6,0.00,0.00,0,0
1611989319.907529,s3-eth2,26466.00,1220938.00,1247404.00,1220938,26466,401.00,421.00,822.00,421,401,0.00,0.00,0,0
1611989319.907537,s2-eth2,26466.00,1220938.00,1247404.00,1220938,26466,401.00,421.00,822.00,421,401,0.00,0.00,0,0
1611989319.907553,total,3741108.00,3741174.00,7482282.00,3741174,3741108,2472.00,2473.00,4945.00,2473,2472,0.00,0.00,0,0
1611989320.907811,eth0,0.00,0.00,0.00,0,0,0.00,0.00,0.00,0,0,0.00,0.00,0,0
1611989320.907863,s1-eth1,919218.00,18810.00,938028.00,18810,919218,369.00,285.00,654.00,285,369,0.00,0.00,0,0
1611989320.908036,s3-eth1,936990.00,18744.00,955734.00,18744,936990,375.00,284.00,659.00,284,375,0.00,0.00,0,0
1611989320.908110,s2-eth1,923628.00,18810.00,942438.00,18810,923628,370.00,285.00,655.00,285,370,0.00,0.00,0,0
1611989320.908127,s1-eth2,18810.00,923628.00,942438.00,923628,18810,285.00,370.00,655.00,370,285,0.00,0.00,0,0
1611989320.908142,lo,0.00,0.00,0.00,0,0,0.00,0.00,0.00,0,0,0.00,0.00,0,0
1611989320.908155,s3-eth2,18744.00,931066.00,949810.00,931066,18744,284.00,373.00,657.00,373,284,0.00,0.00,0,0
1611989320.908214,s2-eth2,18744.00,936990.00,955734.00,936990,18744,284.00,375.00,659.00,375,284,0.00,0.00,0,0
1611989320.908232,total,2836134.00,2848048.00,5684182.00,2848048,2836134,1967.00,1972.00,3939.00,1972,1967,0.00,0.00,0,0
1611989321.922773,eth0,0.00,0.00,0.00,0,0,0.00,0.00,0.00,0,0,0.00,0.00,0,0
1611989321.922813,s1-eth1,377017.75,8136.09,385153.84,8250,382296,130.18,123.27,253.45,125,132,0.00,0.00,0,0
1611989321.922843,s3-eth1,371175.53,8136.09,379311.62,8250,376372,128.21,123.27,251.48,125,130,0.00,0.00,0,0
1611989321.922855,s2-eth1,377017.75,8136.09,385153.84,8250,382296,130.18,123.27,253.45,125,132,0.00,0.00,0,0
1611989321.922866,s1-eth2,8136.09,377017.75,385153.84,382296,8250,123.27,130.18,253.45,132,125,0.00,0.00,0,0
1611989321.922877,lo,0.00,0.00,0.00,0,0,0.00,0.00,0.00,0,0,0.00,0.00,0,0
1611989321.922885,s3-eth2,8136.09,377017.75,385153.84,382296,8250,123.27,130.18,253.45,132,125,0.00,0.00,0,0
1611989321.922896,s2-eth2,8136.09,371175.53,379311.62,376372,8250,123.27,128.21,251.48,130,125,0.00,0.00,0,0
1611989321.922905,total,1149619.38,1149619.38,2299238.75,1165714,1165714,758.38,758.38,1516.77,769,769,0.00,0.00,0,0
1611989322.923609,eth0,0.00,0.00,0.00,0,0,0.00,0.00,0.00,0,0,0.00,0.00,0,0
1611989322.923700,s1-eth1,927568.00,20130.00,947698.00,20130,927568,320.00,305.00,625.00,305,320,0.00,0.00,0,0
1611989322.923737,s3-eth1,929016.00,20196.00,949212.00,20196,929016,320.00,306.00,626.00,306,320,0.00,0.00,0,0
1611989322.923748,s2-eth1,927568.00,20196.00,947764.00,20196,927568,320.00,306.00,626.00,306,320,0.00,0.00,0,0
1611989322.923759,s1-eth2,20196.00,927568.00,947764.00,927568,20196,306.00,320.00,626.00,320,306,0.00,0.00,0,0
1611989322.923769,lo,0.00,0.00,0.00,0,0,0.00,0.00,0.00,0,0,0.00,0.00,0,0
1611989322.923779,s3-eth2,20262.00,924606.00,944868.00,924606,20262,307.00,319.00,626.00,319,307,0.00,0.00,0,0
1611989322.923789,s2-eth2,20196.00,929016.00,949212.00,929016,20196,306.00,320.00,626.00,320,306,0.00,0.00,0,0
1611989322.923799,total,2844806.00,2841712.00,5686518.00,2841712,2844806,1879.00,1876.00,3755.00,1876,1879,0.00,0.00,0,0
1611989323.924281,eth0,0.00,0.00,0.00,0,0,0.00,0.00,0.00,0,0,0.00,0.00,0,0
1611989323.924321,s1-eth1,820870.00,17820.00,838690.00,17820,820870,283.00,270.00,553.00,270,283,0.00,0.00,0,0
1611989323.924348,s3-eth1,825346.00,17820.00,843166.00,17820,825346,285.00,270.00,555.00,270,285,0.00,0.00,0,0
1611989323.924358,s2-eth1,826794.00,17820.00,844614.00,17820,826794,285.00,270.00,555.00,270,285,0.00,0.00,0,0
1611989323.924367,s1-eth2,17820.00,826794.00,844614.00,826794,17820,270.00,285.00,555.00,285,270,0.00,0.00,0,0
1611989323.924375,lo,172.00,172.00,344.00,172,172,3.00,3.00,6.00,3,3,0.00,0.00,0,0
1611989323.924383,s3-eth2,17820.00,829756.00,847576.00,829756,17820,270.00,286.00,556.00,286,270,0.00,0.00,0,0
1611989323.924401,s2-eth2,17820.00,825346.00,843166.00,825346,17820,270.00,285.00,555.00,285,270,0.00,0.00,0,0
1611989323.924410,total,2526642.00,2535528.00,5062170.00,2535528,2526642,1666.00,1669.00,3335.00,1669,1666,0.00,0.00,0,0
1611989324.927561,eth0,0.00,0.00,0.00,0,0,0.00,0.00,0.00,0,0,0.00,0.00,0,0
1611989324.927618,s1-eth1,664785.62,14410.77,679196.44,14454,666780,229.31,218.34,447.66,219,230,0.00,0.00,0,0
1611989324.927682,s3-eth1,664785.62,14344.96,679130.62,14388,666780,229.31,217.35,446.66,218,230,0.00,0.00,0,0
1611989324.927703,s2-eth1,658879.38,14344.96,673224.31,14388,660856,227.32,217.35,444.67,218,228,0.00,0.00,0,0
1611989324.927720,s1-eth2,14344.96,658879.38,673224.31,660856,14388,217.35,227.32,444.67,228,218,0.00,0.00,0,0
1611989324.927737,lo,342.97,342.97,685.94,344,344,5.98,5.98,11.96,6,6,0.00,0.00,0,0
1611989324.927752,s3-eth2,14279.16,658879.38,673158.50,660856,14322,216.35,227.32,443.67,228,217,0.00,0.00,0,0
1611989324.927770,s2-eth2,14344.96,664785.62,679130.62,666780,14388,217.35,229.31,446.66,230,218,0.00,0.00,0,0
1611989324.927787,total,2031762.75,2025988.00,4057750.75,2032066,2037858,1342.97,1342.97,2685.94,1347,1347,0.00,0.00,0,0
1611989325.937546,eth0,0.00,0.00,0.00,0,0,0.00,0.00,0.00,0,0,0.00,0.00,0,0
1611989325.937580,s1-eth1,763712.56,16683.85,780396.44,16834,770586,264.62,252.73,517.34,255,267,0.00,0.00,0,0
1611989325.937611,s3-eth1,762212.12,16753.22,778965.31,16904,769072,263.63,253.72,517.34,256,266,0.00,0.00,0,0
1611989325.937624,s2-eth1,763712.56,16753.22,780465.81,16904,770586,264.62,253.72,518.33,256,267,0.00,0.00,0,0
1611989325.937697,s1-eth2,16753.22,763712.56,780465.81,770586,16904,253.72,264.62,518.33,267,256,0.00,0.00,0,0
1611989325.937715,lo,2344.90,2344.90,4689.79,2366,2366,20.81,20.81,41.63,21,21,0.00,0.00,0,0
1611989325.937727,s3-eth2,16753.22,766578.81,783332.00,773478,16904,253.72,264.62,518.33,267,256,0.00,0.00,0,0
1611989325.937738,s2-eth2,16753.22,762212.12,778965.31,769072,16904,253.72,263.63,517.34,266,256,0.00,0.00,0,0
1611989325.937748,total,2342241.75,2345038.75,4687280.50,2366144,2363322,1574.83,1573.84,3148.66,1588,1589,0.00,0.00,0,0
1611989326.948068,eth0,0.00,0.00,0.00,0,0,0.00,0.00,0.00,0,0,0.00,0.00,0,0
1611989326.948139,s1-eth1,1037259.44,22609.90,1059869.25,22836,1047632,358.42,342.57,700.99,346,362,0.00,0.00,0,0
1611989326.948285,s3-eth1,1038689.12,22609.90,1061299.00,22836,1049076,358.42,342.57,700.99,346,362,0.00,0.00,0,0
1611989326.948318,s2-eth1,1035825.75,22609.90,1058435.62,22836,1046184,358.42,342.57,700.99,346,362,0.00,0.00,0,0
1611989326.948341,s1-eth2,22609.90,1035825.75,1058435.62,1046184,22836,342.57,358.42,700.99,362,346,0.00,0.00,0,0
1611989326.948364,lo,334.65,334.65,669.31,338,338,2.97,2.97,5.94,3,3,0.00,0.00,0,0
1611989326.948385,s3-eth2,22679.21,1037190.12,1059869.25,1047562,22906,343.56,357.43,700.99,361,347,0.00,0.00,0,0
1611989326.948408,s2-eth2,22609.90,1038689.12,1061299.00,1049076,22836,342.57,358.42,700.99,362,346,0.00,0.00,0,0
1611989326.948429,total,3180008.00,3179869.25,6359877.00,3211668,3211808,2106.93,2104.95,4211.88,2126,2128,0.00,0.00,0,0
1611989327.948669,eth0,0.00,0.00,0.00,0,0,0.00,0.00,0.00,0,0,0.00,0.00,0,0
1611989327.948695,s1-eth1,941000.00,20526.00,961526.00,20526,941000,326.00,311.00,637.00,311,326,0.00,0.00,0,0
1611989327.948728,s3-eth1,945410.00,20526.00,965936.00,20526,945410,327.00,311.00,638.00,311,327,0.00,0.00,0,0
1611989327.948737,s2-eth1,942448.00,20526.00,962974.00,20526,942448,326.00,311.00,637.00,311,326,0.00,0.00,0,0
1611989327.948745,s1-eth2,20526.00,942448.00,962974.00,942448,20526,311.00,326.00,637.00,326,311,0.00,0.00,0,0
1611989327.948752,lo,1014.00,1014.00,2028.00,1014,1014,9.00,9.00,18.00,9,9,0.00,0.00,0,0
1611989327.948759,s3-eth2,20526.00,939486.00,960012.00,939486,20526,311.00,325.00,636.00,325,311,0.00,0.00,0,0
1611989327.948767,s2-eth2,20526.00,945410.00,965936.00,945410,20526,311.00,327.00,638.00,327,311,0.00,0.00,0,0
1611989327.948773,total,2891450.00,2889936.00,5781386.00,2889936,2891450,1921.00,1920.00,3841.00,1920,1921,0.00,0.00,0,0
1611989328.949493,eth0,0.00,0.00,0.00,0,0,0.00,0.00,0.00,0,0,0.00,0.00,0,0
1611989328.949551,s1-eth1,1129092.00,24660.00,1153752.00,24660,1129092,390.00,374.00,764.00,374,390,0.00,0.00,0,0
1611989328.949597,s3-eth1,1130606.00,24726.00,1155332.00,24726,1130606,391.00,375.00,766.00,375,391,0.00,0.00,0,0
1611989328.949615,s2-eth1,1133568.00,24660.00,1158228.00,24660,1133568,392.00,374.00,766.00,374,392,0.00,0.00,0,0
1611989328.949632,s1-eth2,24660.00,1133568.00,1158228.00,1133568,24660,374.00,392.00,766.00,392,374,0.00,0.00,0,0
1611989328.949667,lo,1398.00,1398.00,2796.00,1398,1398,15.00,15.00,30.00,15,15,0.00,0.00,0,0
1611989328.949682,s3-eth2,24726.00,1133568.00,1158294.00,1133568,24726,375.00,392.00,767.00,392,375,0.00,0.00,0,0
1611989328.949699,s2-eth2,24726.00,1130606.00,1155332.00,1130606,24726,375.00,391.00,766.00,391,375,0.00,0.00,0,0
1611989328.949713,total,3468776.00,3473186.00,6941962.00,3473186,3468776,2312.00,2313.00,4625.00,2313,2312,0.00,0.00,0,0
1611989329.950182,eth0,0.00,0.00,0.00,0,0,0.00,0.00,0.00,0,0,0.00,0.00,0,0
1611989329.950219,s1-eth1,1055360.00,22902.00,1078262.00,22902,1055360,366.00,347.00,713.00,347,366,0.00,0.00,0,0
1611989329.950251,s3-eth1,1053732.00,23082.00,1076814.00,23082,1053732,365.00,348.00,713.00,348,365,0.00,0.00,0,0
1611989329.950263,s2-eth1,1052218.00,23148.00,1075366.00,23148,1052218,364.00,349.00,713.00,349,364,0.00,0.00,0,0
1611989329.950273,s1-eth2,23148.00,1052218.00,1075366.00,1052218,23148,349.00,364.00,713.00,364,349,0.00,0.00,0,0
1611989329.950284,lo,2232.00,2232.00,4464.00,2232,2232,12.00,12.00,24.00,12,12,0.00,0.00,0,0
1611989329.950293,s3-eth2,23328.00,1053552.00,1076880.00,1053552,23328,350.00,364.00,714.00,364,350,0.00,0.00,0,0
1611989329.950303,s2-eth2,23082.00,1053732.00,1076814.00,1053732,23082,348.00,365.00,713.00,365,348,0.00,0.00,0,0
1611989329.950313,total,3233100.00,3230866.00,6463966.00,3230866,3233100,2154.00,2149.00,4303.00,2149,2154,0.00,0.00,0,0
1611989330.950593,eth0,0.00,0.00,0.00,0,0,0.00,0.00,0.00,0,0,0.00,0.00,0,0
1611989330.950634,s1-eth1,1222632.00,26730.00,1249362.00,26730,1222632,423.00,405.00,828.00,405,423,0.00,0.00,0,0
1611989330.950664,s3-eth1,1223900.00,26910.00,1250810.00,26910,1223900,422.00,406.00,828.00,406,422,0.00,0.00,0,0
1611989330.950675,s2-eth1,1224080.00,26664.00,1250744.00,26664,1224080,423.00,404.00,827.00,404,423,0.00,0.00,0,0
1611989330.950686,s1-eth2,26664.00,1224080.00,1250744.00,1224080,26664,404.00,423.00,827.00,423,404,0.00,0.00,0,0
1611989330.950696,lo,1116.00,1116.00,2232.00,1116,1116,6.00,6.00,12.00,6,6,0.00,0.00,0,0
1611989330.950705,s3-eth2,26844.00,1223900.00,1250744.00,1223900,26844,405.00,422.00,827.00,422,405,0.00,0.00,0,0
1611989330.950715,s2-eth2,26910.00,1223900.00,1250810.00,1223900,26910,406.00,422.00,828.00,422,406,0.00,0.00,0,0
1611989330.950724,total,3752146.00,3753300.00,7505446.00,3753300,3752146,2489.00,2488.00,4977.00,2488,2489,0.00,0.00,0,0
1611989331.955245,eth0,0.00,0.00,0.00,0,0,0.00,0.00,0.00,0,0,0.00,0.00,0,0
1611989331.955286,s1-eth1,1173998.00,24125.50,1198123.50,24222,1178694,459.16,365.54,824.70,367,461,0.00,0.00,0,0
1611989331.955317,s3-eth1,1173928.38,24129.48,1198057.75,24226,1178624,458.17,365.54,823.71,367,460,0.00,0.00,0,0
1611989331.955329,s2-eth1,1175436.25,24125.50,1199561.75,24222,1180138,459.16,365.54,824.70,367,461,0.00,0.00,0,0
1611989331.955340,s1-eth2,24125.50,1175436.25,1199561.75,1180138,24222,365.54,459.16,824.70,461,367,0.00,0.00,0,0
1611989331.955351,lo,336.65,336.65,673.31,338,338,2.99,2.99,5.98,3,3,0.00,0.00,0,0
1611989331.955360,s3-eth2,24129.48,1173928.38,1198057.75,1178624,24226,365.54,458.17,823.71,460,367,0.00,0.00,0,0
1611989331.955371,s2-eth2,24129.48,1173928.38,1198057.75,1178624,24226,365.54,458.17,823.71,460,367,0.00,0.00,0,0
1611989331.955381,total,3596083.75,3596010.00,7192094.00,3610394,3610468,2476.10,2475.10,4951.20,2485,2486,0.00,0.00,0,0
1611989332.955566,eth0,0.00,0.00,0.00,0,0,0.00,0.00,0.00,0,0,0.00,0.00,0,0
1611989332.955662,s1-eth1,819422.00,17820.00,837242.00,17820,819422,283.00,270.00,553.00,270,283,0.00,0.00,0,0
1611989332.955697,s3-eth1,814946.00,17952.00,832898.00,17952,814946,281.00,272.00,553.00,272,281,0.00,0.00,0,0
1611989332.955709,s2-eth1,817908.00,17886.00,835794.00,17886,817908,282.00,271.00,553.00,271,282,0.00,0.00,0,0
1611989332.955719,s1-eth2,17886.00,817908.00,835794.00,817908,17886,271.00,282.00,553.00,282,271,0.00,0.00,0,0
1611989332.955730,lo,0.00,0.00,0.00,0,0,0.00,0.00,0.00,0,0,0.00,0.00,0,0
1611989332.955738,s3-eth2,18018.00,814946.00,832964.00,814946,18018,273.00,281.00,554.00,281,273,0.00,0.00,0,0
1611989332.955763,s2-eth2,17952.00,814946.00,832898.00,814946,17952,272.00,281.00,553.00,281,272,0.00,0.00,0,0
1611989332.955773,total,2506132.00,2501458.00,5007590.00,2501458,2506132,1662.00,1657.00,3319.00,1657,1662,0.00,0.00,0,0
1611989333.955963,eth0,0.00,0.00,0.00,0,0,0.00,0.00,0.00,0,0,0.00,0.00,0,0
1611989333.956004,s1-eth1,672704.00,14718.00,687422.00,14718,672704,232.00,223.00,455.00,223,232,0.00,0.00,0,0
1611989333.956035,s3-eth1,675666.00,14652.00,690318.00,14652,675666,233.00,222.00,455.00,222,233,0.00,0.00,0,0
1611989333.956047,s2-eth1,672704.00,14652.00,687356.00,14652,672704,232.00,222.00,454.00,222,232,0.00,0.00,0,0
1611989333.956057,s1-eth2,14652.00,672704.00,687356.00,672704,14652,222.00,232.00,454.00,232,222,0.00,0.00,0,0
1611989333.956067,lo,0.00,0.00,0.00,0,0,0.00,0.00,0.00,0,0,0.00,0.00,0,0
1611989333.956075,s3-eth2,14586.00,672704.00,687290.00,672704,14586,221.00,232.00,453.00,232,221,0.00,0.00,0,0
1611989333.956085,s2-eth2,14652.00,675666.00,690318.00,675666,14652,222.00,233.00,455.00,233,222,0.00,0.00,0,0
1611989333.956095,total,2064964.00,2065096.00,4130060.00,2065096,2064964,1362.00,1364.00,2726.00,1364,1362,0.00,0.00,0,0
1611989334.956708,eth0,0.00,0.00,0.00,0,0,0.00,0.00,0.00,0,0,0.00,0.00,0,0
1611989334.956741,s1-eth1,887548.00,19272.00,906820.00,19272,887548,306.00,292.00,598.00,292,306,0.00,0.00,0,0
1611989334.956771,s3-eth1,889062.00,19272.00,908334.00,19272,889062,307.00,292.00,599.00,292,307,0.00,0.00,0,0
1611989334.956782,s2-eth1,893472.00,19338.00,912810.00,19338,893472,308.00,293.00,601.00,293,308,0.00,0.00,0,0
1611989334.956793,s1-eth2,19338.00,893472.00,912810.00,893472,19338,293.00,308.00,601.00,308,293,0.00,0.00,0,0
1611989334.956803,lo,172.00,172.00,344.00,172,172,3.00,3.00,6.00,3,3,0.00,0.00,0,0
1611989334.956812,s3-eth2,19338.00,889062.00,908400.00,889062,19338,293.00,307.00,600.00,307,293,0.00,0.00,0,0
1611989334.956823,s2-eth2,19272.00,889062.00,908334.00,889062,19272,292.00,307.00,599.00,307,292,0.00,0.00,0,0
1611989334.956832,total,2728202.00,2729650.00,5457852.00,2729650,2728202,1802.00,1802.00,3604.00,1802,1802,0.00,0.00,0,0
1611989335.957176,eth0,0.00,0.00,0.00,0,0,0.00,0.00,0.00,0,0,0.00,0.00,0,0
1611989335.957210,s1-eth1,730496.00,16038.00,746534.00,16038,730496,252.00,243.00,495.00,243,252,0.00,0.00,0,0
1611989335.957240,s3-eth1,724572.00,16038.00,740610.00,16038,724572,250.00,243.00,493.00,243,250,0.00,0.00,0,0
1611989335.957252,s2-eth1,730496.00,15972.00,746468.00,15972,730496,252.00,242.00,494.00,242,252,0.00,0.00,0,0
1611989335.957262,s1-eth2,15972.00,730496.00,746468.00,730496,15972,242.00,252.00,494.00,252,242,0.00,0.00,0,0
1611989335.957272,lo,172.00,172.00,344.00,172,172,3.00,3.00,6.00,3,3,0.00,0.00,0,0
1611989335.957282,s3-eth2,15972.00,727534.00,743506.00,727534,15972,242.00,251.00,493.00,251,242,0.00,0.00,0,0
1611989335.957292,s2-eth2,16038.00,724572.00,740610.00,724572,16038,243.00,250.00,493.00,250,243,0.00,0.00,0,0
1611989335.957301,total,2233718.00,2230822.00,4464540.00,2230822,2233718,1484.00,1484.00,2968.00,1484,1484,0.00,0.00,0,0
1611989336.957607,eth0,0.00,0.00,0.00,0,0,0.00,0.00,0.00,0,0,0.00,0.00,0,0
1611989336.957657,s1-eth1,1223900.00,26664.00,1250564.00,26664,1223900,422.00,404.00,826.00,404,422,0.00,0.00,0,0
1611989336.957696,s3-eth1,1223900.00,26664.00,1250564.00,26664,1223900,422.00,404.00,826.00,404,422,0.00,0.00,0,0
1611989336.957711,s2-eth1,1225414.00,26664.00,1252078.00,26664,1225414,423.00,404.00,827.00,404,423,0.00,0.00,0,0
1611989336.957724,s1-eth2,26664.00,1225414.00,1252078.00,1225414,26664,404.00,423.00,827.00,423,404,0.00,0.00,0,0
1611989336.957738,lo,172.00,172.00,344.00,172,172,3.00,3.00,6.00,3,3,0.00,0.00,0,0
1611989336.957750,s3-eth2,26664.00,1223900.00,1250564.00,1223900,26664,404.00,422.00,826.00,422,404,0.00,0.00,0,0
1611989336.957764,s2-eth2,26664.00,1223900.00,1250564.00,1223900,26664,404.00,422.00,826.00,422,404,0.00,0.00,0,0
1611989336.957776,total,3753378.00,3753378.00,7506756.00,3753378,3753378,2482.00,2482.00,4964.00,2482,2482,0.00,0.00,0,0
1611989337.958555,eth0,0.00,0.00,0.00,0,0,0.00,0.00,0.00,0,0,0.00,0.00,0,0
1611989337.958652,s1-eth1,994980.00,20328.00,1015308.00,20328,994980,398.00,308.00,706.00,308,398,0.00,0.00,0,0
1611989337.958684,s3-eth1,994980.00,20262.00,1015242.00,20262,994980,398.00,307.00,705.00,307,398,0.00,0.00,0,0
1611989337.958695,s2-eth1,993466.00,20328.00,1013794.00,20328,993466,397.00,308.00,705.00,308,397,0.00,0.00,0,0
1611989337.958705,s1-eth2,20328.00,993466.00,1013794.00,993466,20328,308.00,397.00,705.00,397,308,0.00,0.00,0,0
1611989337.958715,lo,0.00,0.00,0.00,0,0,0.00,0.00,0.00,0,0,0.00,0.00,0,0
1611989337.958722,s3-eth2,20262.00,994980.00,1015242.00,994980,20262,307.00,398.00,705.00,398,307,0.00,0.00,0,0
1611989337.958732,s2-eth2,20262.00,994980.00,1015242.00,994980,20262,307.00,398.00,705.00,398,307,0.00,0.00,0,0
1611989337.958740,total,3044278.00,3044344.00,6088622.00,3044344,3044278,2115.00,2116.00,4231.00,2116,2115,0.00,0.00,0,0
1611989338.965156,eth0,0.00,0.00,0.00,0,0,0.00,0.00,0.00,0,0,0.00,0.00,0,0
1611989338.965243,s1-eth1,729083.50,15876.74,744960.25,15972,733458,251.49,240.56,492.05,242,253,0.00,0.00,0,0
1611989338.965276,s3-eth1,737916.50,15876.74,753793.25,15972,742344,254.47,240.56,495.03,242,256,0.00,0.00,0,0
1611989338.965288,s2-eth1,742365.81,15876.74,758242.56,15972,746820,256.46,240.56,497.02,242,258,0.00,0.00,0,0
1611989338.965300,s1-eth2,15876.74,742365.81,758242.56,746820,15972,240.56,256.46,497.02,258,242,0.00,0.00,0,0
1611989338.965311,lo,0.00,0.00,0.00,0,0,0.00,0.00,0.00,0,0,0.00,0.00,0,0
1611989338.965319,s3-eth2,15942.35,740860.81,756803.19,745306,16038,241.55,255.47,497.02,257,243,0.00,0.00,0,0
1611989338.965330,s2-eth2,15876.74,737916.50,753793.25,742344,15972,240.56,254.47,495.03,256,242,0.00,0.00,0,0
1611989338.965340,total,2257061.50,2268773.25,4525835.00,2282386,2270604,1485.09,1488.07,2973.16,1497,1494,0.00,0.00,0,0
1611989339.966978,eth0,0.00,0.00,0.00,0,0,0.00,0.00,0.00,0,0,0.00,0.00,0,0
1611989339.967014,s1-eth1,753438.56,16417.58,769856.19,16434,754192,259.74,248.75,508.49,249,260,0.00,0.00,0,0
1611989339.967043,s3-eth1,750479.56,16483.52,766963.06,16500,751230,258.74,249.75,508.49,250,259,0.00,0.00,0,0
1611989339.967054,s2-eth1,756397.62,16417.58,772815.19,16434,757154,260.74,248.75,509.49,249,261,0.00,0.00,0,0
1611989339.967064,s1-eth2,16417.58,756397.62,772815.19,757154,16434,248.75,260.74,509.49,261,249,0.00,0.00,0,0
1611989339.967073,lo,171.83,171.83,343.66,172,172,3.00,3.00,5.99,3,3,0.00,0.00,0,0
1611989339.967082,s3-eth2,16417.58,753438.56,769856.19,754192,16434,248.75,259.74,508.49,260,249,0.00,0.00,0,0
1611989339.967185,s2-eth2,16483.52,750479.56,766963.06,751230,16500,249.75,258.74,508.49,259,250,0.00,0.00,0,0
1611989339.967223,total,2309806.25,2309806.25,4619612.50,2312116,2312116,1529.47,1529.47,3058.94,1531,1531,0.00,0.00,0,0
1611989340.967443,eth0,0.00,0.00,0.00,0,0,0.00,0.00,0.00,0,0,0.00,0.00,0,0
1611989340.967470,s1-eth1,1112792.00,24222.00,1137014.00,24222,1112792,384.00,367.00,751.00,367,384,0.00,0.00,0,0
1611989340.967493,s3-eth1,1115754.00,24222.00,1139976.00,24222,1115754,385.00,367.00,752.00,367,385,0.00,0.00,0,0
1611989340.967535,s2-eth1,1112792.00,24222.00,1137014.00,24222,1112792,384.00,367.00,751.00,367,384,0.00,0.00,0,0
1611989340.967547,s1-eth2,24222.00,1112792.00,1137014.00,1112792,24222,367.00,384.00,751.00,384,367,0.00,0.00,0,0
1611989340.967554,lo,172.00,172.00,344.00,172,172,3.00,3.00,6.00,3,3,0.00,0.00,0,0
1611989340.967561,s3-eth2,24222.00,1112792.00,1137014.00,1112792,24222,367.00,384.00,751.00,384,367,0.00,0.00,0,0
1611989340.967568,s2-eth2,24222.00,1115754.00,1139976.00,1115754,24222,367.00,385.00,752.00,385,367,0.00,0.00,0,0
1611989340.967575,total,3414176.00,3414176.00,6828352.00,3414176,3414176,2257.00,2257.00,4514.00,2257,2257,0.00,0.00,0,0
1611989341.967942,eth0,0.00,0.00,0.00,0,0,0.00,0.00,0.00,0,0,0.00,0.00,0,0
1611989341.968041,s1-eth1,1057962.00,23034.00,1080996.00,23034,1057962,365.00,349.00,714.00,349,365,0.00,0.00,0,0
1611989341.968083,s3-eth1,1060924.00,23034.00,1083958.00,23034,1060924,366.00,349.00,715.00,349,366,0.00,0.00,0,0
1611989341.968100,s2-eth1,1057962.00,23100.00,1081062.00,23100,1057962,365.00,350.00,715.00,350,365,0.00,0.00,0,0
1611989341.968133,s1-eth2,23100.00,1057962.00,1081062.00,1057962,23100,350.00,365.00,715.00,365,350,0.00,0.00,0,0
1611989341.968150,lo,172.00,172.00,344.00,172,172,3.00,3.00,6.00,3,3,0.00,0.00,0,0
1611989341.968164,s3-eth2,23100.00,1057962.00,1081062.00,1057962,23100,350.00,365.00,715.00,365,350,0.00,0.00,0,0
1611989341.968181,s2-eth2,23034.00,1060924.00,1083958.00,1060924,23034,349.00,366.00,715.00,366,349,0.00,0.00,0,0
1611989341.968197,total,3246254.00,3246188.00,6492442.00,3246188,3246254,2148.00,2147.00,4295.00,2147,2148,0.00,0.00,0,0
1611989342.968468,eth0,0.00,0.00,0.00,0,0,0.00,0.00,0.00,0,0,0.00,0.00,0,0
1611989342.968510,s1-eth1,1223900.00,26664.00,1250564.00,26664,1223900,422.00,404.00,826.00,404,422,0.00,0.00,0,0
1611989342.968579,s3-eth1,1223900.00,26664.00,1250564.00,26664,1223900,422.00,404.00,826.00,404,422,0.00,0.00,0,0
1611989342.968593,s2-eth1,1223900.00,26664.00,1250564.00,26664,1223900,422.00,404.00,826.00,404,422,0.00,0.00,0,0
1611989342.968604,s1-eth2,26664.00,1223900.00,1250564.00,1223900,26664,404.00,422.00,826.00,422,404,0.00,0.00,0,0
1611989342.968615,lo,0.00,0.00,0.00,0,0,0.00,0.00,0.00,0,0,0.00,0.00,0,0
1611989342.968624,s3-eth2,26664.00,1223900.00,1250564.00,1223900,26664,404.00,422.00,826.00,422,404,0.00,0.00,0,0
1611989342.968635,s2-eth2,26664.00,1223900.00,1250564.00,1223900,26664,404.00,422.00,826.00,422,404,0.00,0.00,0,0
1611989342.968645,total,3751692.00,3751692.00,7503384.00,3751692,3751692,2478.00,2478.00,4956.00,2478,2478,0.00,0.00,0,0
1611989343.969059,eth0,0.00,0.00,0.00,0,0,0.00,0.00,0.00,0,0,0.00,0.00,0,0
1611989343.969088,s1-eth1,933492.00,20328.00,953820.00,20328,933492,322.00,308.00,630.00,308,322,0.00,0.00,0,0
1611989343.969117,s3-eth1,936454.00,20394.00,956848.00,20394,936454,323.00,309.00,632.00,309,323,0.00,0.00,0,0
1611989343.969128,s2-eth1,936454.00,20328.00,956782.00,20328,936454,323.00,308.00,631.00,308,323,0.00,0.00,0,0
1611989343.969139,s1-eth2,20328.00,936454.00,956782.00,936454,20328,308.00,323.00,631.00,323,308,0.00,0.00,0,0
1611989343.969149,lo,0.00,0.00,0.00,0,0,0.00,0.00,0.00,0,0,0.00,0.00,0,0
1611989343.969158,s3-eth2,20328.00,933492.00,953820.00,933492,20328,308.00,322.00,630.00,322,308,0.00,0.00,0,0
1611989343.969168,s2-eth2,20394.00,936454.00,956848.00,936454,20394,309.00,323.00,632.00,323,309,0.00,0.00,0,0
1611989343.969177,total,2867450.00,2867450.00,5734900.00,2867450,2867450,1893.00,1893.00,3786.00,1893,1893,0.00,0.00,0,0
1611989344.969589,eth0,0.00,0.00,0.00,0,0,0.00,0.00,0.00,0,0,0.00,0.00,0,0
1611989344.969628,s1-eth1,1222452.00,26664.00,1249116.00,26664,1222452,422.00,404.00,826.00,404,422,0.00,0.00,0,0
1611989344.969659,s3-eth1,1222452.00,26598.00,1249050.00,26598,1222452,422.00,403.00,825.00,403,422,0.00,0.00,0,0
1611989344.969671,s2-eth1,1223900.00,26598.00,1250498.00,26598,1223900,422.00,403.00,825.00,403,422,0.00,0.00,0,0
1611989344.969681,s1-eth2,26598.00,1223900.00,1250498.00,1223900,26598,403.00,422.00,825.00,422,403,0.00,0.00,0,0
1611989344.969692,lo,172.00,172.00,344.00,172,172,3.00,3.00,6.00,3,3,0.00,0.00,0,0
1611989344.969701,s3-eth2,26598.00,1222452.00,1249050.00,1222452,26598,403.00,422.00,825.00,422,403,0.00,0.00,0,0
1611989344.969712,s2-eth2,26598.00,1222452.00,1249050.00,1222452,26598,403.00,422.00,825.00,422,403,0.00,0.00,0,0
1611989344.969721,total,3748770.00,3748836.00,7497606.00,3748836,3748770,2478.00,2479.00,4957.00,2479,2478,0.00,0.00,0,0
1611989345.970174,eth0,0.00,0.00,0.00,0,0,0.00,0.00,0.00,0,0,0.00,0.00,0,0
1611989345.970218,s1-eth1,1194280.00,25938.00,1220218.00,25938,1194280,412.00,393.00,805.00,393,412,0.00,0.00,0,0
1611989345.970259,s3-eth1,1192766.00,25938.00,1218704.00,25938,1192766,411.00,393.00,804.00,393,411,0.00,0.00,0,0
1611989345.970274,s2-eth1,1194280.00,26004.00,1220284.00,26004,1194280,412.00,394.00,806.00,394,412,0.00,0.00,0,0
1611989345.970287,s1-eth2,26004.00,1194280.00,1220284.00,1194280,26004,394.00,412.00,806.00,412,394,0.00,0.00,0,0
1611989345.970301,lo,172.00,172.00,344.00,172,172,3.00,3.00,6.00,3,3,0.00,0.00,0,0
1611989345.970313,s3-eth2,26004.00,1194280.00,1220284.00,1194280,26004,394.00,412.00,806.00,412,394,0.00,0.00,0,0
1611989345.970343,s2-eth2,25938.00,1192766.00,1218704.00,1192766,25938,393.00,411.00,804.00,411,393,0.00,0.00,0,0
1611989345.970356,total,3659444.00,3659378.00,7318822.00,3659378,3659444,2419.00,2418.00,4837.00,2418,2419,0.00,0.00,0,0
1611989346.980724,eth0,0.00,0.00,0.00,0,0,0.00,0.00,0.00,0,0,0.00,0.00,0,0
1611989346.980800,s1-eth1,620554.44,13526.73,634081.19,13662,626760,213.86,204.95,418.81,207,216,0.00,0.00,0,0
1611989346.980864,s3-eth1,622053.44,13461.39,635514.88,13596,628274,214.85,203.96,418.81,206,217,0.00,0.00,0,0
1611989346.980890,s2-eth1,622053.44,13461.39,635514.88,13596,628274,214.85,203.96,418.81,206,217,0.00,0.00,0,0
1611989346.980913,s1-eth2,13461.39,622053.44,635514.88,628274,13596,203.96,214.85,418.81,217,206,0.00,0.00,0,0
1611989346.980936,lo,170.30,170.30,340.59,172,172,2.97,2.97,5.94,3,3,0.00,0.00,0,0
1611989346.980956,s3-eth2,13396.04,620554.44,633950.50,626760,13530,202.97,213.86,416.83,216,205,0.00,0.00,0,0
1611989346.980980,s2-eth2,13461.39,622053.44,635514.88,628274,13596,203.96,214.85,418.81,217,206,0.00,0.00,0,0
1611989346.981000,total,1905150.50,1905281.25,3810431.75,1924334,1924202,1257.43,1259.41,2516.83,1272,1270,0.00,0.00,0,0
1611989347.981556,eth0,0.00,0.00,0.00,0,0,0.00,0.00,0.00,0,0,0.00,0.00,0,0
1611989347.981606,s1-eth1,976474.00,21252.00,997726.00,21252,976474,337.00,322.00,659.00,322,337,0.00,0.00,0,0
1611989347.981646,s3-eth1,976474.00,21318.00,997792.00,21318,976474,337.00,323.00,660.00,323,337,0.00,0.00,0,0
1611989347.981661,s2-eth1,974960.00,21252.00,996212.00,21252,974960,336.00,322.00,658.00,322,336,0.00,0.00,0,0
1611989347.981674,s1-eth2,21252.00,974960.00,996212.00,974960,21252,322.00,336.00,658.00,336,322,0.00,0.00,0,0
1611989347.981688,lo,0.00,0.00,0.00,0,0,0.00,0.00,0.00,0,0,0.00,0.00,0,0
1611989347.981699,s3-eth2,21318.00,976474.00,997792.00,976474,21318,323.00,337.00,660.00,337,323,0.00,0.00,0,0
1611989347.981712,s2-eth2,21318.00,976474.00,997792.00,976474,21318,323.00,337.00,660.00,337,323,0.00,0.00,0,0
1611989347.981724,total,2991796.00,2991730.00,5983526.00,2991730,2991796,1978.00,1977.00,3955.00,1977,1978,0.00,0.00,0,0
1611989348.982234,eth0,0.00,0.00,0.00,0,0,0.00,0.00,0.00,0,0,0.00,0.00,0,0
1611989348.982291,s1-eth1,933492.00,20196.00,953688.00,20196,933492,322.00,306.00,628.00,306,322,0.00,0.00,0,0
1611989348.982338,s3-eth1,933492.00,20196.00,953688.00,20196,933492,322.00,306.00,628.00,306,322,0.00,0.00,0,0
1611989348.982356,s2-eth1,929082.00,20262.00,949344.00,20262,929082,321.00,307.00,628.00,307,321,0.00,0.00,0,0
1611989348.982372,s1-eth2,20262.00,929082.00,949344.00,929082,20262,307.00,321.00,628.00,321,307,0.00,0.00,0,0
1611989348.982387,lo,0.00,0.00,0.00,0,0,0.00,0.00,0.00,0,0,0.00,0.00,0,0
1611989348.982461,s3-eth2,20262.00,933492.00,953754.00,933492,20262,307.00,322.00,629.00,322,307,0.00,0.00,0,0
1611989348.982478,s2-eth2,20196.00,933492.00,953688.00,933492,20196,306.00,322.00,628.00,322,306,0.00,0.00,0,0
1611989348.982493,total,2856786.00,2856720.00,5713506.00,2856720,2856786,1885.00,1884.00,3769.00,1884,1885,0.00,0.00,0,0
1611989349.983174,eth0,0.00,0.00,0.00,0,0,0.00,0.00,0.00,0,0,0.00,0.00,0,0
1611989349.983247,s1-eth1,1131232.00,23298.00,1154530.00,23298,1131232,444.00,353.00,797.00,353,444,0.00,0.00,0,0
1611989349.983282,s3-eth1,1129718.00,23364.00,1153082.00,23364,1129718,443.00,354.00,797.00,354,443,0.00,0.00,0,0
1611989349.983294,s2-eth1,1129718.00,23298.00,1153016.00,23298,1129718,443.00,353.00,796.00,353,443,0.00,0.00,0,0
1611989349.983304,s1-eth2,23298.00,1129718.00,1153016.00,1129718,23298,353.00,443.00,796.00,443,353,0.00,0.00,0,0
1611989349.983315,lo,172.00,172.00,344.00,172,172,3.00,3.00,6.00,3,3,0.00,0.00,0,0
1611989349.983324,s3-eth2,23298.00,1131232.00,1154530.00,1131232,23298,353.00,444.00,797.00,444,353,0.00,0.00,0,0
1611989349.983334,s2-eth2,23364.00,1129718.00,1153082.00,1129718,23364,354.00,443.00,797.00,443,354,0.00,0.00,0,0
1611989349.983344,total,3460800.00,3460800.00,6921600.00,3460800,3460800,2393.00,2393.00,4786.00,2393,2393,0.00,0.00,0,0
1611989351.017566,eth0,0.00,0.00,0.00,0,0,0.00,0.00,0.00,0,0,0.00,0.00,0,0
1611989351.017648,s1-eth1,871843.50,19002.90,890846.38,19668,902358,300.48,287.92,588.41,298,311,0.00,0.00,0,0
1611989351.017680,s3-eth1,876168.12,18747.83,894915.94,19404,906834,302.42,284.06,586.47,294,313,0.00,0.00,0,0
1611989351.017693,s2-eth1,873306.31,18875.36,892181.69,19536,903872,301.45,285.99,587.44,296,312,0.00,0.00,0,0
1611989351.017704,s1-eth2,18875.36,873306.31,892181.69,903872,19536,285.99,301.45,587.44,312,296,0.00,0.00,0,0
1611989351.017717,lo,166.18,166.18,332.37,172,172,2.90,2.90,5.80,3,3,0.00,0.00,0,0
1611989351.017732,s3-eth2,18747.83,871843.50,890591.31,902358,19404,284.06,300.48,584.54,311,294,0.00,0.00,0,0
1611989351.017751,s2-eth2,18747.83,876168.12,894915.94,906834,19404,284.06,302.42,586.47,313,294,0.00,0.00,0,0
1611989351.017765,total,2677855.25,2678110.25,5355965.50,2771844,2771580,1761.35,1765.22,3526.57,1827,1823,0.00,0.00,0,0
1611989352.018039,eth0,0.00,0.00,0.00,0,0,0.00,0.00,0.00,0,0,0.00,0.00,0,0
1611989352.018080,s1-eth1,1046114.00,22836.00,1068950.00,22836,1046114,361.00,346.00,707.00,346,361,0.00,0.00,0,0
1611989352.018112,s3-eth1,1049076.00,23034.00,1072110.00,23034,1049076,362.00,349.00,711.00,349,362,0.00,0.00,0,0
1611989352.018123,s2-eth1,1060924.00,22902.00,1083826.00,22902,1060924,366.00,347.00,713.00,347,366,0.00,0.00,0,0
1611989352.018134,s1-eth2,22902.00,1060924.00,1083826.00,1060924,22902,347.00,366.00,713.00,366,347,0.00,0.00,0,0
1611989352.018144,lo,172.00,172.00,344.00,172,172,3.00,3.00,6.00,3,3,0.00,0.00,0,0
1611989352.018154,s3-eth2,23034.00,1046114.00,1069148.00,1046114,23034,349.00,361.00,710.00,361,349,0.00,0.00,0,0
1611989352.018164,s2-eth2,23034.00,1049076.00,1072110.00,1049076,23034,349.00,362.00,711.00,362,349,0.00,0.00,0,0
1611989352.018173,total,3225256.00,3225058.00,6450314.00,3225058,3225256,2137.00,2134.00,4271.00,2134,2137,0.00,0.00,0,0
1611989353.020884,eth0,0.00,0.00,0.00,0,0,0.00,0.00,0.00,0,0,0.00,0.00,0,0
1611989353.020960,s1-eth1,532359.31,11526.95,543886.25,11550,533424,183.63,174.65,358.28,175,184,0.00,0.00,0,0
1611989353.021025,s3-eth1,529403.19,11461.08,540864.31,11484,530462,182.63,173.65,356.29,174,183,0.00,0.00,0,0
1611989353.021051,s2-eth1,535315.38,11526.95,546842.31,11550,536386,184.63,174.65,359.28,175,185,0.00,0.00,0,0
1611989353.021074,s1-eth2,11526.95,535315.38,546842.31,536386,11550,174.65,184.63,359.28,185,175,0.00,0.00,0,0
1611989353.021098,lo,0.00,0.00,0.00,0,0,0.00,0.00,0.00,0,0,0.00,0.00,0,0
1611989353.021116,s3-eth2,11461.08,532359.31,543820.38,533424,11484,173.65,183.63,357.29,184,174,0.00,0.00,0,0
1611989353.021139,s2-eth2,11461.08,529403.19,540864.31,530462,11484,173.65,182.63,356.29,183,174,0.00,0.00,0,0
1611989353.021160,total,1631527.00,1631592.88,3263119.75,1634856,1634790,1072.85,1073.85,2146.71,1076,1075,0.00,0.00,0,0
1611989354.021599,eth0,0.00,0.00,0.00,0,0,0.00,0.00,0.00,0,0,0.00,0.00,0,0
1611989354.021632,s1-eth1,939416.00,20460.00,959876.00,20460,939416,324.00,310.00,634.00,310,324,0.00,0.00,0,0
1611989354.021662,s3-eth1,936454.00,20526.00,956980.00,20526,936454,323.00,311.00,634.00,311,323,0.00,0.00,0,0
1611989354.021673,s2-eth1,933492.00,20526.00,954018.00,20526,933492,322.00,311.00,633.00,311,322,0.00,0.00,0,0
1611989354.021684,s1-eth2,20526.00,933492.00,954018.00,933492,20526,311.00,322.00,633.00,322,311,0.00,0.00,0,0
1611989354.021694,lo,0.00,0.00,0.00,0,0,0.00,0.00,0.00,0,0,0.00,0.00,0,0
1611989354.021702,s3-eth2,20592.00,939416.00,960008.00,939416,20592,312.00,324.00,636.00,324,312,0.00,0.00,0,0
1611989354.021712,s2-eth2,20526.00,936454.00,956980.00,936454,20526,311.00,323.00,634.00,323,311,0.00,0.00,0,0
1611989354.021721,total,2871006.00,2870874.00,5741880.00,2870874,2871006,1903.00,1901.00,3804.00,1901,1903,0.00,0.00,0,0
1611989355.027684,eth0,0.00,0.00,0.00,0,0,0.00,0.00,0.00,0,0,0.00,0.00,0,0
1611989355.027758,s1-eth1,885198.81,19288.27,904487.06,19404,890510,305.17,292.25,597.42,294,307,0.00,0.00,0,0
1611989355.027823,s3-eth1,882254.50,19222.66,901477.12,19338,887548,304.17,291.25,595.43,293,306,0.00,0.00,0,0
1611989355.027875,s2-eth1,882254.50,19222.66,901477.12,19338,887548,304.17,291.25,595.43,293,306,0.00,0.00,0,0
1611989355.027900,s1-eth2,19222.66,882254.50,901477.12,887548,19338,291.25,304.17,595.43,306,293,0.00,0.00,0,0
1611989355.027924,lo,170.97,170.97,341.95,172,172,2.98,2.98,5.96,3,3,0.00,0.00,0,0
1611989355.027945,s3-eth2,19157.06,885198.81,904355.88,890510,19272,290.26,305.17,595.43,307,292,0.00,0.00,0,0
1611989355.027969,s2-eth2,19222.66,882254.50,901477.12,887548,19338,291.25,304.17,595.43,306,293,0.00,0.00,0,0
1611989355.027990,total,2707481.00,2707612.25,5415093.50,2723858,2723726,1789.26,1791.25,3580.52,1802,1800,0.00,0.00,0,0
1611989356.029958,eth0,0.00,0.00,0.00,0,0,0.00,0.00,0.00,0,0,0.00,0.00,0,0
1611989356.029991,s1-eth1,723195.62,15676.65,738872.25,15708,724642,250.50,237.52,488.02,238,251,0.00,0.00,0,0
1611989356.030087,s3-eth1,723195.62,15676.65,738872.25,15708,724642,250.50,237.52,488.02,238,251,0.00,0.00,0,0
1611989356.030099,s2-eth1,726151.69,15676.65,741828.38,15708,727604,251.50,237.52,489.02,238,252,0.00,0.00,0,0
1611989356.030110,s1-eth2,15676.65,726151.69,741828.38,727604,15708,237.52,251.50,489.02,252,238,0.00,0.00,0,0
1611989356.030121,lo,846.31,846.31,1692.61,848,848,8.98,8.98,17.96,9,9,0.00,0.00,0,0
1611989356.030131,s3-eth2,15676.65,723125.75,738802.44,724572,15708,237.52,249.50,487.03,250,238,0.00,0.00,0,0
1611989356.030143,s2-eth2,15676.65,723195.62,738872.25,724642,15708,237.52,250.50,488.02,251,238,0.00,0.00,0,0
1611989356.030152,total,2220419.25,2220349.25,4440768.50,2224790,2224860,1474.05,1473.05,2947.11,1476,1477,0.00,0.00,0,0
1611989357.040529,eth0,0.00,0.00,0.00,0,0,0.00,0.00,0.00,0,0,0.00,0.00,0,0
1611989357.040604,s1-eth1,485586.12,10586.14,496172.28,10692,490442,167.33,160.40,327.72,162,169,0.00,0.00,0,0
1611989357.040670,s3-eth1,485586.12,10586.14,496172.28,10692,490442,167.33,160.40,327.72,162,169,0.00,0.00,0,0
1611989357.040696,s2-eth1,485586.12,10586.14,496172.28,10692,490442,167.33,160.40,327.72,162,169,0.00,0.00,0,0
1611989357.040719,s1-eth2,10586.14,485586.12,496172.28,490442,10692,160.40,167.33,327.72,169,162,0.00,0.00,0,0
1611989357.040743,lo,170.30,170.30,340.59,172,172,2.97,2.97,5.94,3,3,0.00,0.00,0,0
1611989357.040763,s3-eth2,10586.14,490017.81,500603.97,494918,10692,160.40,169.31,329.70,171,162,0.00,0.00,0,0
1611989357.040786,s2-eth2,10586.14,485586.12,496172.28,490442,10692,160.40,167.33,327.72,169,162,0.00,0.00,0,0
1611989357.040807,total,1488687.12,1493118.88,2981806.00,1508050,1503574,986.14,988.12,1974.26,998,996,0.00,0.00,0,0
1611989358.041198,eth0,0.00,0.00,0.00,0,0,0.00,0.00,0.00,0,0,0.00,0.00,0,0
1611989358.041244,s1-eth1,834302.00,18154.00,852456.00,18154,834302,289.00,275.00,564.00,275,289,0.00,0.00,0,0
1611989358.041281,s3-eth1,834232.00,18224.00,852456.00,18224,834232,288.00,276.00,564.00,276,288,0.00,0.00,0,0
1611989358.041294,s2-eth1,831340.00,18224.00,849564.00,18224,831340,288.00,276.00,564.00,276,288,0.00,0.00,0,0
1611989358.041304,s1-eth2,18224.00,831340.00,849564.00,831340,18224,276.00,288.00,564.00,288,276,0.00,0.00,0,0
1611989358.041315,lo,2028.00,2028.00,4056.00,2028,2028,18.00,18.00,36.00,18,18,0.00,0.00,0,0
1611989358.041324,s3-eth2,18294.00,835680.00,853974.00,835680,18294,277.00,288.00,565.00,288,277,0.00,0.00,0,0
1611989358.041335,s2-eth2,18224.00,834232.00,852456.00,834232,18224,276.00,288.00,564.00,288,276,0.00,0.00,0,0
1611989358.041345,total,2556644.00,2557882.00,5114526.00,2557882,2556644,1712.00,1709.00,3421.00,1709,1712,0.00,0.00,0,0
1611989359.041563,eth0,0.00,0.00,0.00,0,0,0.00,0.00,0.00,0,0,0.00,0.00,0,0
1611989359.041659,s1-eth1,946598.00,20106.00,966704.00,20106,946598,345.00,305.00,650.00,305,345,0.00,0.00,0,0
1611989359.041693,s3-eth1,951536.00,20172.00,971708.00,20172,951536,354.00,306.00,660.00,306,354,0.00,0.00,0,0
1611989359.041705,s2-eth1,951470.00,20106.00,971576.00,20106,951470,353.00,305.00,658.00,305,353,0.00,0.00,0,0
1611989359.041716,s1-eth2,20106.00,951470.00,971576.00,951470,20106,305.00,353.00,658.00,353,305,0.00,0.00,0,0
1611989359.041727,lo,1014.00,1014.00,2028.00,1014,1014,9.00,9.00,18.00,9,9,0.00,0.00,0,0
1611989359.041751,s3-eth2,20238.00,947192.00,967430.00,947192,20238,307.00,354.00,661.00,354,307,0.00,0.00,0,0
1611989359.041763,s2-eth2,20172.00,951536.00,971708.00,951536,20172,306.00,354.00,660.00,354,306,0.00,0.00,0,0
1611989359.041772,total,2911134.00,2911596.00,5822730.00,2911596,2911134,1979.00,1986.00,3965.00,1986,1979,0.00,0.00,0,0
1611989360.056516,eth0,0.00,0.00,0.00,0,0,0.00,0.00,0.00,0,0,0.00,0.00,0,0
1611989360.056565,s1-eth1,885013.81,18289.94,903303.75,18546,897404,341.22,277.12,618.34,281,346,0.00,0.00,0,0
1611989360.056605,s3-eth1,881572.00,18289.94,899861.94,18546,893914,332.35,277.12,609.47,281,337,0.00,0.00,0,0
1611989360.056620,s2-eth1,884558.19,18355.03,902913.25,18612,896942,334.32,278.11,612.43,282,339,0.00,0.00,0,0
1611989360.056635,s1-eth2,18355.03,884558.19,902913.25,896942,18612,278.11,334.32,612.43,339,282,0.00,0.00,0,0
1611989360.056649,lo,0.00,0.00,0.00,0,0,0.00,0.00,0.00,0,0,0.00,0.00,0,0
1611989360.056660,s3-eth2,18224.85,881506.94,899731.75,893848,18480,276.13,331.36,607.50,336,280,0.00,0.00,0,0
1611989360.056674,s2-eth2,18289.94,881572.00,899861.94,893914,18546,277.12,332.35,609.47,337,281,0.00,0.00,0,0
1611989360.056687,total,2706013.75,2702572.00,5408586.00,2740408,2743898,1839.25,1830.37,3669.63,1856,1865,0.00,0.00,0,0
1611989361.057168,eth0,0.00,0.00,0.00,0,0,0.00,0.00,0.00,0,0,0.00,0.00,0,0
1611989361.057269,s1-eth1,374858.00,8052.00,382910.00,8052,374858,129.00,122.00,251.00,122,129,0.00,0.00,0,0
1611989361.057310,s3-eth1,373410.00,7986.00,381396.00,7986,373410,129.00,121.00,250.00,121,129,0.00,0.00,0,0
1611989361.057325,s2-eth1,370448.00,7986.00,378434.00,7986,370448,128.00,121.00,249.00,121,128,0.00,0.00,0,0
1611989361.057338,s1-eth2,7986.00,370448.00,378434.00,370448,7986,121.00,128.00,249.00,128,121,0.00,0.00,0,0
1611989361.057351,lo,0.00,0.00,0.00,0,0,0.00,0.00,0.00,0,0,0.00,0.00,0,0
1611989361.057362,s3-eth2,7986.00,371896.00,379882.00,371896,7986,121.00,128.00,249.00,128,121,0.00,0.00,0,0
1611989361.057375,s2-eth2,7986.00,373410.00,381396.00,373410,7986,121.00,129.00,250.00,129,121,0.00,0.00,0,0
1611989361.057387,total,1142674.00,1139778.00,2282452.00,1139778,1142674,749.00,749.00,1498.00,749,749,0.00,0.00,0,0
1611989362.057870,eth0,0.00,0.00,0.00,0,0,0.00,0.00,0.00,0,0,0.00,0.00,0,0
1611989362.057911,s1-eth1,881984.00,19272.00,901256.00,19272,881984,306.00,292.00,598.00,292,306,0.00,0.00,0,0
1611989362.057943,s3-eth1,884766.00,19518.00,904284.00,19518,884766,306.00,294.00,600.00,294,306,0.00,0.00,0,0
1611989362.057954,s2-eth1,884766.00,19452.00,904218.00,19452,884766,306.00,293.00,599.00,293,306,0.00,0.00,0,0
1611989362.057965,s1-eth2,19452.00,884766.00,904218.00,884766,19452,293.00,306.00,599.00,306,293,0.00,0.00,0,0
1611989362.057975,lo,2232.00,2232.00,4464.00,2232,2232,12.00,12.00,24.00,12,12,0.00,0.00,0,0
1611989362.057985,s3-eth2,19764.00,884586.00,904350.00,884586,19764,296.00,305.00,601.00,305,296,0.00,0.00,0,0
1611989362.057995,s2-eth2,19518.00,884766.00,904284.00,884766,19518,294.00,306.00,600.00,306,294,0.00,0.00,0,0
1611989362.058004,total,2712482.00,2714592.00,5427074.00,2714592,2712482,1813.00,1808.00,3621.00,1808,1813,0.00,0.00,0,0
1611989363.059327,eth0,0.00,0.00,0.00,0,0,0.00,0.00,0.00,0,0,0.00,0.00,0,0
1611989363.059375,s1-eth1,207510.50,4615.38,212125.88,4620,207718,73.93,69.93,143.86,70,74,0.00,0.00,0,0
1611989363.059419,s3-eth1,149596.41,4861.14,154457.55,4866,149746,52.95,71.93,124.88,72,53,0.00,0.00,0,0
1611989363.059428,s2-eth1,155694.31,4681.32,160375.62,4686,155850,55.94,70.93,126.87,71,56,0.00,0.00,0,0
1611989363.059436,s1-eth2,4681.32,155694.31,160375.62,155850,4686,70.93,55.94,126.87,56,71,0.00,0.00,0,0
1611989363.059444,lo,1114.89,1114.89,2229.77,1116,1116,5.99,5.99,11.99,6,6,0.00,0.00,0,0
1611989363.059518,s3-eth2,4861.14,137760.25,142621.38,137898,4866,71.93,48.95,120.88,49,72,0.00,0.00,0,0
1611989363.059531,s2-eth2,4861.14,149596.41,154457.55,149746,4866,71.93,52.95,124.88,53,72,0.00,0.00,0,0
1611989363.059539,total,528319.69,458323.69,986643.38,458782,528848,403.60,376.62,780.22,377,404,0.00,0.00,0,0
1611989364.059861,eth0,0.00,0.00,0.00,0,0,0.00,0.00,0.00,0,0,0.00,0.00,0,0
1611989364.059931,s1-eth1,0.00,0.00,0.00,0,0,0.00,0.00,0.00,0,0,0.00,0.00,0,0
1611989364.059961,s3-eth1,0.00,70.00,70.00,70,0,0.00,1.00,1.00,1,0,0.00,0.00,0,0
1611989364.059972,s2-eth1,0.00,0.00,0.00,0,0,0.00,0.00,0.00,0,0,0.00,0.00,0,0
1611989364.059980,s1-eth2,0.00,0.00,0.00,0,0,0.00,0.00,0.00,0,0,0.00,0.00,0,0
1611989364.060034,lo,338.00,338.00,676.00,338,338,3.00,3.00,6.00,3,3,0.00,0.00,0,0
1611989364.060048,s3-eth2,70.00,0.00,70.00,0,70,1.00,0.00,1.00,0,1,0.00,0.00,0,0
1611989364.060058,s2-eth2,70.00,0.00,70.00,0,70,1.00,0.00,1.00,0,1,0.00,0.00,0,0
1611989364.060067,total,478.00,408.00,886.00,408,478,5.00,4.00,9.00,4,5,0.00,0.00,0,0
1611989365.060345,eth0,0.00,0.00,0.00,0,0,0.00,0.00,0.00,0,0,0.00,0.00,0,0
1611989365.060454,s1-eth1,0.00,0.00,0.00,0,0,0.00,0.00,0.00,0,0,0.00,0.00,0,0
1611989365.060516,s3-eth1,0.00,0.00,0.00,0,0,0.00,0.00,0.00,0,0,0.00,0.00,0,0
1611989365.060536,s2-eth1,0.00,0.00,0.00,0,0,0.00,0.00,0.00,0,0,0.00,0.00,0,0
1611989365.060553,s1-eth2,0.00,0.00,0.00,0,0,0.00,0.00,0.00,0,0,0.00,0.00,0,0
1611989365.060571,lo,0.00,0.00,0.00,0,0,0.00,0.00,0.00,0,0,0.00,0.00,0,0
1611989365.060589,s3-eth2,0.00,0.00,0.00,0,0,0.00,0.00,0.00,0,0,0.00,0.00,0,0
1611989365.060606,s2-eth2,0.00,0.00,0.00,0,0,0.00,0.00,0.00,0,0,0.00,0.00,0,0
1611989365.060622,total,0.00,0.00,0.00,0,0,0.00,0.00,0.00,0,0,0.00,0.00,0,0
1611989366.061236,eth0,0.00,0.00,0.00,0,0,0.00,0.00,0.00,0,0,0.00,0.00,0,0
1611989366.061337,s1-eth1,0.00,0.00,0.00,0,0,0.00,0.00,0.00,0,0,0.00,0.00,0,0
1611989366.061400,s3-eth1,0.00,0.00,0.00,0,0,0.00,0.00,0.00,0,0,0.00,0.00,0,0
1611989366.061421,s2-eth1,0.00,0.00,0.00,0,0,0.00,0.00,0.00,0,0,0.00,0.00,0,0
1611989366.061439,s1-eth2,0.00,0.00,0.00,0,0,0.00,0.00,0.00,0,0,0.00,0.00,0,0
1611989366.061458,lo,0.00,0.00,0.00,0,0,0.00,0.00,0.00,0,0,0.00,0.00,0,0
1611989366.061477,s3-eth2,0.00,0.00,0.00,0,0,0.00,0.00,0.00,0,0,0.00,0.00,0,0
1611989366.061496,s2-eth2,0.00,0.00,0.00,0,0,0.00,0.00,0.00,0,0,0.00,0.00,0,0
1611989366.061512,total,0.00,0.00,0.00,0,0,0.00,0.00,0.00,0,0,0.00,0.00,0,0
1611989367.065732,eth0,0.00,0.00,0.00,0,0,0.00,0.00,0.00,0,0,0.00,0.00,0,0
1611989367.065798,s1-eth1,0.00,0.00,0.00,0,0,0.00,0.00,0.00,0,0,0.00,0.00,0,0
1611989367.065828,s3-eth1,0.00,0.00,0.00,0,0,0.00,0.00,0.00,0,0,0.00,0.00,0,0
1611989367.065837,s2-eth1,0.00,0.00,0.00,0,0,0.00,0.00,0.00,0,0,0.00,0.00,0,0
1611989367.065846,s1-eth2,0.00,0.00,0.00,0,0,0.00,0.00,0.00,0,0,0.00,0.00,0,0
1611989367.065969,lo,171.31,171.31,342.63,172,172,2.99,2.99,5.98,3,3,0.00,0.00,0,0
1611989367.065996,s3-eth2,0.00,0.00,0.00,0,0,0.00,0.00,0.00,0,0,0.00,0.00,0,0
1611989367.066007,s2-eth2,0.00,0.00,0.00,0,0,0.00,0.00,0.00,0,0,0.00,0.00,0,0
1611989367.066016,total,171.31,171.31,342.63,172,172,2.99,2.99,5.98,3,3,0.00,0.00,0,0
1611989368.066765,eth0,0.00,0.00,0.00,0,0,0.00,0.00,0.00,0,0,0.00,0.00,0,0
1611989368.066799,s3-eth1,0.00,0.00,0.00,0,0,0.00,0.00,0.00,0,0,0.00,0.00,0,0
1611989368.066813,s2-eth1,0.00,0.00,0.00,0,0,0.00,0.00,0.00,0,0,0.00,0.00,0,0
1611989368.066819,s1-eth2,0.00,0.00,0.00,0,0,0.00,0.00,0.00,0,0,0.00,0.00,0,0
1611989368.066826,lo,640.00,640.00,1280.00,640,640,12.00,12.00,24.00,12,12,0.00,0.00,0,0
1611989368.066833,s3-eth2,0.00,0.00,0.00,0,0,0.00,0.00,0.00,0,0,0.00,0.00,0,0
1611989368.066839,s2-eth2,0.00,0.00,0.00,0,0,0.00,0.00,0.00,0,0,0.00,0.00,0,0
1611989368.066844,total,18446744073709551616.00,18446744073709551616.00,18446744073709551616.00,18446744073708326293,18446744073652993705,18446744073709531136.00,18446744073709533184.00,18446744073709512704.00,18446744073709533054,18446744073709531708,0.00,0.00,0,0
