1612033901.487792,s3-eth1,0.00,0.00,0.00,0,0,0.00,0.00,0.00,0,0,0.00,0.00,0,0
1612033901.487822,s2-eth1,0.00,0.00,0.00,0,0,0.00,0.00,0.00,0,0,0.00,0.00,0,0
1612033901.487829,s1-eth1,0.00,0.00,0.00,0,0,0.00,0.00,0.00,0,0,0.00,0.00,0,0
1612033901.487837,lo,0.00,0.00,0.00,0,0,0.00,0.00,0.00,0,0,0.00,0.00,0,0
1612033901.487843,s3-eth2,0.00,0.00,0.00,0,0,0.00,0.00,0.00,0,0,0.00,0.00,0,0
1612033901.487863,s2-eth2,0.00,0.00,0.00,0,0,0.00,0.00,0.00,0,0,0.00,0.00,0,0
1612033901.487872,s1-eth2,0.00,0.00,0.00,0,0,0.00,0.00,0.00,0,0,0.00,0.00,0,0
1612033901.487880,eth0,0.00,0.00,0.00,0,0,0.00,0.00,0.00,0,0,0.00,0.00,0,0
1612033901.487884,total,0.00,0.00,0.00,0,0,0.00,0.00,0.00,0,0,0.00,0.00,0,0
1612033902.488468,s3-eth1,5419483.00,62091.00,5481574.00,62091,5419483,951.00,923.00,1874.00,923,951,0.00,0.00,0,0
1612033902.488499,s2-eth1,5405681.00,60957.00,5466638.00,60957,5405681,955.00,916.00,1871.00,916,955,0.00,0.00,0,0
1612033902.488509,s1-eth1,5402098.00,60286.00,5462384.00,60286,5402098,959.00,913.00,1872.00,913,959,0.00,0.00,0,0
1612033902.488518,lo,22458.00,22458.00,44916.00,22458,22458,142.00,142.00,284.00,142,142,0.00,0.00,0,0
1612033902.488526,s3-eth2,63131.00,5414206.00,5477337.00,5414206,63131,929.00,945.00,1874.00,945,929,0.00,0.00,0,0
1612033902.488552,s2-eth2,62091.00,5419483.00,5481574.00,5419483,62091,923.00,951.00,1874.00,951,923,0.00,0.00,0,0
1612033902.488562,s1-eth2,60957.00,5405681.00,5466638.00,5405681,60957,916.00,955.00,1871.00,955,916,0.00,0.00,0,0
1612033902.488571,eth0,0.00,0.00,0.00,0,0,0.00,0.00,0.00,0,0,0.00,0.00,0,0
1612033902.488577,total,16435899.00,16445162.00,32881060.00,16445162,16435899,5775.00,5745.00,11520.00,5745,5775,0.00,0.00,0,0
1612033903.488896,s3-eth1,4167527.00,46386.00,4213913.00,46386,4167527,724.00,698.00,1422.00,698,724,0.00,0.00,0,0
1612033903.488919,s2-eth1,4167809.00,46029.00,4213838.00,46029,4167809,724.00,695.00,1419.00,695,724,0.00,0.00,0,0
1612033903.488928,s1-eth1,4162086.00,45828.00,4207914.00,45828,4162086,723.00,694.00,1417.00,694,723,0.00,0.00,0,0
1612033903.488936,lo,7678.00,7678.00,15356.00,7678,7678,49.00,49.00,98.00,49,49,0.00,0.00,0,0
1612033903.488942,s3-eth2,46587.00,4177570.00,4224157.00,4177570,46587,699.00,725.00,1424.00,725,699,0.00,0.00,0,0
1612033903.488965,s2-eth2,46386.00,4167527.00,4213913.00,4167527,46386,698.00,724.00,1422.00,724,698,0.00,0.00,0,0
1612033903.488974,s1-eth2,46029.00,4172219.00,4218248.00,4172219,46029,695.00,725.00,1420.00,725,695,0.00,0.00,0,0
1612033903.488981,eth0,0.00,0.00,0.00,0,0,0.00,0.00,0.00,0,0,0.00,0.00,0,0
1612033903.488986,total,12644102.00,12663237.00,25307340.00,12663237,12644102,4312.00,4310.00,8622.00,4310,4312,0.00,0.00,0,0
1612033904.489525,s3-eth1,5241521.00,75198.00,5316719.00,75198,5241521,1201.00,1139.00,2340.00,1139,1201,0.00,0.00,0,0
1612033904.489554,s2-eth1,5240340.00,75198.00,5315538.00,75198,5240340,1203.00,1139.00,2342.00,1139,1203,0.00,0.00,0,0
1612033904.489564,s1-eth1,5228690.00,75198.00,5303888.00,75198,5228690,1202.00,1139.00,2341.00,1139,1202,0.00,0.00,0,0
1612033904.489572,lo,1800.00,1800.00,3600.00,1800,1800,9.00,9.00,18.00,9,9,0.00,0.00,0,0
1612033904.489580,s3-eth2,75198.00,5235330.00,5310528.00,5235330,75198,1139.00,1197.00,2336.00,1197,1139,0.00,0.00,0,0
1612033904.489606,s2-eth2,75198.00,5241521.00,5316719.00,5241521,75198,1139.00,1201.00,2340.00,1201,1139,0.00,0.00,0,0
1612033904.489615,s1-eth2,75198.00,5235930.00,5311128.00,5235930,75198,1139.00,1202.00,2341.00,1202,1139,0.00,0.00,0,0
1612033904.489622,eth0,0.00,0.00,0.00,0,0,0.00,0.00,0.00,0,0,0.00,0.00,0,0
1612033904.489628,total,15937945.00,15940175.00,31878120.00,15940175,15937945,7032.00,7026.00,14058.00,7026,7032,0.00,0.00,0,0
1612033905.489787,s3-eth1,2436184.00,40399.00,2476583.00,40399,2436184,668.00,610.00,1278.00,610,668,0.00,0.00,0,0
1612033905.489811,s2-eth1,2441976.00,40465.00,2482441.00,40465,2441976,668.00,611.00,1279.00,611,668,0.00,0.00,0,0
1612033905.489820,s1-eth1,2449355.00,40326.00,2489681.00,40326,2449355,668.00,611.00,1279.00,611,668,0.00,0.00,0,0
1612033905.489827,lo,1876.00,1876.00,3752.00,1876,1876,12.00,12.00,24.00,12,12,0.00,0.00,0,0
1612033905.489840,s3-eth2,40604.00,2425982.00,2466586.00,2425982,40604,611.00,667.00,1278.00,667,611,0.00,0.00,0,0
1612033905.489866,s2-eth2,40399.00,2436184.00,2476583.00,2436184,40399,610.00,668.00,1278.00,668,610,0.00,0.00,0,0
1612033905.489874,s1-eth2,40465.00,2441976.00,2482441.00,2441976,40465,611.00,668.00,1279.00,668,611,0.00,0.00,0,0
1612033905.489881,eth0,0.00,0.00,0.00,0,0,0.00,0.00,0.00,0,0,0.00,0.00,0,0
1612033905.489886,total,7450859.00,7427208.00,14878067.00,7427208,7450859,3848.00,3847.00,7695.00,3847,3848,0.00,0.00,0,0
1612033906.490025,s3-eth1,4177915.00,56177.00,4234092.00,56177,4177915,904.00,849.00,1753.00,849,904,0.00,0.00,0,0
1612033906.490052,s2-eth1,4178252.00,55840.00,4234092.00,55840,4178252,907.00,846.00,1753.00,846,907,0.00,0.00,0,0
1612033906.490062,s1-eth1,4171144.00,55774.00,4226918.00,55774,4171144,909.00,845.00,1754.00,845,909,0.00,0.00,0,0
1612033906.490071,lo,4766.00,4766.00,9532.00,4766,4766,33.00,33.00,66.00,33,33,0.00,0.00,0,0
1612033906.490079,s3-eth2,56243.00,4170272.00,4226515.00,4170272,56243,850.00,900.00,1750.00,900,850,0.00,0.00,0,0
1612033906.490104,s2-eth2,56177.00,4177915.00,4234092.00,4177915,56177,849.00,904.00,1753.00,904,849,0.00,0.00,0,0
1612033906.490114,s1-eth2,55840.00,4178252.00,4234092.00,4178252,55840,846.00,907.00,1753.00,907,846,0.00,0.00,0,0
1612033906.490123,eth0,0.00,0.00,0.00,0,0,0.00,0.00,0.00,0,0,0.00,0.00,0,0
1612033906.490128,total,12700337.00,12698996.00,25399332.00,12698996,12700337,5298.00,5284.00,10582.00,5284,5298,0.00,0.00,0,0
1612033907.490599,s3-eth1,1797564.00,21714.00,1819278.00,21714,1797564,360.00,329.00,689.00,329,360,0.00,0.00,0,0
1612033907.490643,s2-eth1,1786966.00,21780.00,1808746.00,21780,1786966,353.00,330.00,683.00,330,353,0.00,0.00,0,0
1612033907.490667,s1-eth1,1779396.00,21714.00,1801110.00,21714,1779396,348.00,329.00,677.00,329,348,0.00,0.00,0,0
1612033907.490679,lo,1014.00,1014.00,2028.00,1014,1014,9.00,9.00,18.00,9,9,0.00,0.00,0,0
1612033907.490690,s3-eth2,21648.00,1794734.00,1816382.00,1794734,21648,328.00,361.00,689.00,361,328,0.00,0.00,0,0
1612033907.490724,s2-eth2,21714.00,1797564.00,1819278.00,1797564,21714,329.00,360.00,689.00,360,329,0.00,0.00,0,0
1612033907.490737,s1-eth2,21780.00,1786966.00,1808746.00,1786966,21780,330.00,353.00,683.00,353,330,0.00,0.00,0,0
1612033907.490748,eth0,0.00,0.00,0.00,0,0,0.00,0.00,0.00,0,0,0.00,0.00,0,0
1612033907.490755,total,5430082.00,5445486.00,10875568.00,5445486,5430082,2057.00,2071.00,4128.00,2071,2057,0.00,0.00,0,0
1612033908.490883,s3-eth1,5715938.00,76626.00,5792564.00,76626,5715938,1217.00,1161.00,2378.00,1161,1217,0.00,0.00,0,0
1612033908.490910,s2-eth1,5716334.00,76560.00,5792894.00,76560,5716334,1223.00,1160.00,2383.00,1160,1223,0.00,0.00,0,0
1612033908.490920,s1-eth1,5716532.00,76560.00,5793092.00,76560,5716532,1226.00,1160.00,2386.00,1160,1226,0.00,0.00,0,0
1612033908.490929,lo,0.00,0.00,0.00,0,0,0.00,0.00,0.00,0,0,0.00,0.00,0,0
1612033908.490936,s3-eth2,76692.00,5720282.00,5796974.00,5720282,76692,1162.00,1217.00,2379.00,1217,1162,0.00,0.00,0,0
1612033908.490962,s2-eth2,76626.00,5715938.00,5792564.00,5715938,76626,1161.00,1217.00,2378.00,1217,1161,0.00,0.00,0,0
1612033908.490973,s1-eth2,76560.00,5716334.00,5792894.00,5716334,76560,1160.00,1223.00,2383.00,1223,1160,0.00,0.00,0,0
1612033908.490982,eth0,0.00,0.00,0.00,0,0,0.00,0.00,0.00,0,0,0.00,0.00,0,0
1612033908.491002,total,17378682.00,17382300.00,34760984.00,17382300,17378682,7149.00,7138.00,14287.00,7138,7149,0.00,0.00,0,0
1612033909.491295,s3-eth1,5995774.00,65868.00,6061642.00,65868,5995774,1091.00,998.00,2089.00,998,1091,0.00,0.00,0,0
1612033909.491332,s2-eth1,5989916.00,65868.00,6055784.00,65868,5989916,1090.00,998.00,2088.00,998,1090,0.00,0.00,0,0
1612033909.491342,s1-eth1,5989916.00,65868.00,6055784.00,65868,5989916,1090.00,998.00,2088.00,998,1090,0.00,0.00,0,0
1612033909.491351,lo,0.00,0.00,0.00,0,0,0.00,0.00,0.00,0,0,0.00,0.00,0,0
1612033909.491358,s3-eth2,65868.00,5988402.00,6054270.00,5988402,65868,998.00,1089.00,2087.00,1089,998,0.00,0.00,0,0
1612033909.491385,s2-eth2,65868.00,5995774.00,6061642.00,5995774,65868,998.00,1091.00,2089.00,1091,998,0.00,0.00,0,0
1612033909.491409,s1-eth2,65868.00,5989916.00,6055784.00,5989916,65868,998.00,1090.00,2088.00,1090,998,0.00,0.00,0,0
1612033909.491418,eth0,0.00,0.00,0.00,0,0,0.00,0.00,0.00,0,0,0.00,0.00,0,0
1612033909.491424,total,18173210.00,18171696.00,36344904.00,18171696,18173210,6265.00,6264.00,12529.00,6264,6265,0.00,0.00,0,0
1612033910.491827,s3-eth1,4519846.00,59994.00,4579840.00,59994,4519846,975.00,909.00,1884.00,909,975,0.00,0.00,0,0
1612033910.491901,s2-eth1,4524190.00,59994.00,4584184.00,59994,4524190,975.00,909.00,1884.00,909,975,0.00,0.00,0,0
1612033910.491918,s1-eth1,4506616.00,59994.00,4566610.00,59994,4506616,972.00,909.00,1881.00,909,972,0.00,0.00,0,0
1612033910.491933,lo,0.00,0.00,0.00,0,0,0.00,0.00,0.00,0,0,0.00,0.00,0,0
1612033910.491945,s3-eth2,59994.00,4525704.00,4585698.00,4525704,59994,909.00,976.00,1885.00,976,909,0.00,0.00,0,0
1612033910.491991,s2-eth2,59994.00,4519846.00,4579840.00,4519846,59994,909.00,975.00,1884.00,975,909,0.00,0.00,0,0
1612033910.492036,s1-eth2,59994.00,4524190.00,4584184.00,4524190,59994,909.00,975.00,1884.00,975,909,0.00,0.00,0,0
1612033910.492052,eth0,0.00,0.00,0.00,0,0,0.00,0.00,0.00,0,0,0.00,0.00,0,0
1612033910.492063,total,13730634.00,13749722.00,27480356.00,13749722,13730634,5649.00,5653.00,11302.00,5653,5649,0.00,0.00,0,0
1612033911.492545,s3-eth1,5707020.00,62832.00,5769852.00,62832,5707020,1038.00,952.00,1990.00,952,1038,0.00,0.00,0,0
1612033911.492585,s2-eth1,5714392.00,62832.00,5777224.00,62832,5714392,1040.00,952.00,1992.00,952,1040,0.00,0.00,0,0
1612033911.492596,s1-eth1,5708534.00,62766.00,5771300.00,62766,5708534,1039.00,951.00,1990.00,951,1039,0.00,0.00,0,0
1612033911.492607,lo,0.00,0.00,0.00,0,0,0.00,0.00,0.00,0,0,0.00,0.00,0,0
1612033911.492615,s3-eth2,62832.00,5707020.00,5769852.00,5707020,62832,952.00,1038.00,1990.00,1038,952,0.00,0.00,0,0
1612033911.492646,s2-eth2,62832.00,5707020.00,5769852.00,5707020,62832,952.00,1038.00,1990.00,1038,952,0.00,0.00,0,0
1612033911.492658,s1-eth2,62832.00,5714392.00,5777224.00,5714392,62832,952.00,1040.00,1992.00,1040,952,0.00,0.00,0,0
1612033911.492668,eth0,0.00,0.00,0.00,0,0,0.00,0.00,0.00,0,0,0.00,0.00,0,0
1612033911.492674,total,17318442.00,17316862.00,34635304.00,17316862,17318442,5973.00,5971.00,11944.00,5971,5973,0.00,0.00,0,0
1612033912.492812,s3-eth1,1841358.00,30954.00,1872312.00,30954,1841358,519.00,469.00,988.00,469,519,0.00,0.00,0,0
1612033912.492835,s2-eth1,1827666.00,31020.00,1858686.00,31020,1827666,509.00,470.00,979.00,470,509,0.00,0.00,0,0
1612033912.492843,s1-eth1,1818190.00,31152.00,1849342.00,31152,1818190,497.00,472.00,969.00,472,497,0.00,0.00,0,0
1612033912.492851,lo,516.00,516.00,1032.00,516,516,9.00,9.00,18.00,9,9,0.00,0.00,0,0
1612033912.492857,s3-eth2,30822.00,1841490.00,1872312.00,1841490,30822,467.00,521.00,988.00,521,467,0.00,0.00,0,0
1612033912.492884,s2-eth2,30954.00,1841358.00,1872312.00,1841358,30954,469.00,519.00,988.00,519,469,0.00,0.00,0,0
1612033912.492893,s1-eth2,31020.00,1827666.00,1858686.00,1827666,31020,470.00,509.00,979.00,509,470,0.00,0.00,0,0
1612033912.492900,eth0,0.00,0.00,0.00,0,0,0.00,0.00,0.00,0,0,0.00,0.00,0,0
1612033912.492905,total,5580526.00,5604156.00,11184682.00,5604156,5580526,2940.00,2969.00,5909.00,2969,2940,0.00,0.00,0,0
1612033913.493116,s3-eth1,5157386.00,67720.00,5225106.00,67720,5157386,1091.00,1026.00,2117.00,1026,1091,0.00,0.00,0,0
1612033913.493140,s2-eth1,5164894.00,67720.00,5232614.00,67720,5164894,1095.00,1026.00,2121.00,1026,1095,0.00,0.00,0,0
1612033913.493148,s1-eth1,5167856.00,67650.00,5235506.00,67650,5167856,1096.00,1025.00,2121.00,1025,1096,0.00,0.00,0,0
1612033913.493155,lo,1690.00,1690.00,3380.00,1690,1690,15.00,15.00,30.00,15,15,0.00,0.00,0,0
1612033913.493162,s3-eth2,67856.00,5157316.00,5225172.00,5157316,67856,1028.00,1090.00,2118.00,1090,1028,0.00,0.00,0,0
1612033913.493183,s2-eth2,67720.00,5157386.00,5225106.00,5157386,67720,1026.00,1091.00,2117.00,1091,1026,0.00,0.00,0,0
1612033913.493192,s1-eth2,67720.00,5164894.00,5232614.00,5164894,67720,1026.00,1095.00,2121.00,1095,1026,0.00,0.00,0,0
1612033913.493215,eth0,0.00,0.00,0.00,0,0,0.00,0.00,0.00,0,0,0.00,0.00,0,0
1612033913.493220,total,15695122.00,15684376.00,31379498.00,15684376,15695122,6377.00,6368.00,12745.00,6368,6377,0.00,0.00,0,0
1612033914.493376,s3-eth1,4969130.00,62898.00,5032028.00,62898,4969130,1025.00,953.00,1978.00,953,1025,0.00,0.00,0,0
1612033914.493400,s2-eth1,4986902.00,62898.00,5049800.00,62898,4986902,1031.00,953.00,1984.00,953,1031,0.00,0.00,0,0
1612033914.493409,s1-eth1,4960244.00,62832.00,5023076.00,62832,4960244,1022.00,952.00,1974.00,952,1022,0.00,0.00,0,0
1612033914.493417,lo,0.00,0.00,0.00,0,0,0.00,0.00,0.00,0,0,0.00,0.00,0,0
1612033914.493430,s3-eth2,62832.00,4963206.00,5026038.00,4963206,62832,952.00,1023.00,1975.00,1023,952,0.00,0.00,0,0
1612033914.493453,s2-eth2,62898.00,4969130.00,5032028.00,4969130,62898,953.00,1025.00,1978.00,1025,953,0.00,0.00,0,0
1612033914.493462,s1-eth2,62898.00,4986902.00,5049800.00,4986902,62898,953.00,1031.00,1984.00,1031,953,0.00,0.00,0,0
1612033914.493470,eth0,0.00,0.00,0.00,0,0,0.00,0.00,0.00,0,0,0.00,0.00,0,0
1612033914.493475,total,15104904.00,15107866.00,30212770.00,15107866,15104904,5936.00,5937.00,11873.00,5937,5936,0.00,0.00,0,0
1612033915.493609,s3-eth1,4248130.00,52544.00,4300674.00,52544,4248130,851.00,796.00,1647.00,796,851,0.00,0.00,0,0
1612033915.493627,s2-eth1,4249578.00,52474.00,4302052.00,52474,4249578,851.00,795.00,1646.00,795,851,0.00,0.00,0,0
1612033915.493636,s1-eth1,4261356.00,52540.00,4313896.00,52540,4261356,854.00,796.00,1650.00,796,854,0.00,0.00,0,0
1612033915.493644,lo,2314.00,2314.00,4628.00,2314,2314,20.00,20.00,40.00,20,20,0.00,0.00,0,0
1612033915.493651,s3-eth2,52676.00,4259978.00,4312654.00,4259978,52676,798.00,855.00,1653.00,855,798,0.00,0.00,0,0
1612033915.493673,s2-eth2,52544.00,4248130.00,4300674.00,4248130,52544,796.00,851.00,1647.00,851,796,0.00,0.00,0,0
1612033915.493681,s1-eth2,52474.00,4249578.00,4302052.00,4249578,52474,795.00,851.00,1646.00,851,795,0.00,0.00,0,0
1612033915.493689,eth0,0.00,0.00,0.00,0,0,0.00,0.00,0.00,0,0,0.00,0.00,0,0
1612033915.493694,total,12919072.00,12917558.00,25836630.00,12917558,12919072,4965.00,4964.00,9929.00,4964,4965,0.00,0.00,0,0
1612033916.494470,s3-eth1,2111086.00,35310.00,2146396.00,35310,2111086,547.00,535.00,1082.00,535,547,0.00,0.00,0,0
1612033916.494503,s2-eth1,2115694.00,35244.00,2150938.00,35244,2115694,551.00,534.00,1085.00,534,551,0.00,0.00,0,0
1612033916.494527,s1-eth1,2096152.00,35178.00,2131330.00,35178,2096152,562.00,533.00,1095.00,533,562,0.00,0.00,0,0
1612033916.494540,lo,52.00,52.00,104.00,52,52,1.00,1.00,2.00,1,1,0.00,0.00,0,0
1612033916.494549,s3-eth2,35310.00,2106544.00,2141854.00,2106544,35310,535.00,544.00,1079.00,544,535,0.00,0.00,0,0
1612033916.494581,s2-eth2,35310.00,2111086.00,2146396.00,2111086,35310,535.00,547.00,1082.00,547,535,0.00,0.00,0,0
1612033916.494593,s1-eth2,35244.00,2115694.00,2150938.00,2115694,35244,534.00,551.00,1085.00,551,534,0.00,0.00,0,0
1612033916.494603,eth0,0.00,0.00,0.00,0,0,0.00,0.00,0.00,0,0,0.00,0.00,0,0
1612033916.494610,total,6428848.00,6439108.00,12867956.00,6439108,6428848,3265.00,3245.00,6510.00,3245,3265,0.00,0.00,0,0
1612033917.494765,s3-eth1,5528618.00,74184.00,5602802.00,74184,5528618,1209.00,1124.00,2333.00,1124,1209,0.00,0.00,0,0
1612033917.494788,s2-eth1,5531514.00,74184.00,5605698.00,74184,5531514,1209.00,1124.00,2333.00,1124,1209,0.00,0.00,0,0
1612033917.494796,s1-eth1,5551720.00,74184.00,5625904.00,74184,5551720,1208.00,1124.00,2332.00,1124,1208,0.00,0.00,0,0
1612033917.494804,lo,0.00,0.00,0.00,0,0,0.00,0.00,0.00,0,0,0.00,0.00,0,0
1612033917.494810,s3-eth2,74184.00,5524208.00,5598392.00,5524208,74184,1124.00,1208.00,2332.00,1208,1124,0.00,0.00,0,0
1612033917.494833,s2-eth2,74184.00,5528618.00,5602802.00,5528618,74184,1124.00,1209.00,2333.00,1209,1124,0.00,0.00,0,0
1612033917.494842,s1-eth2,74184.00,5531514.00,5605698.00,5531514,74184,1124.00,1209.00,2333.00,1209,1124,0.00,0.00,0,0
1612033917.494850,eth0,0.00,0.00,0.00,0,0,0.00,0.00,0.00,0,0,0.00,0.00,0,0
1612033917.494861,total,16834404.00,16806892.00,33641296.00,16806892,16834404,6998.00,6998.00,13996.00,6998,6998,0.00,0.00,0,0
1612033918.497339,s3-eth1,4670293.50,54604.79,4724898.50,54714,4679634,871.26,827.35,1698.60,829,873,0.00,0.00,0,0
1612033918.497375,s2-eth1,4667403.50,54604.79,4722008.00,54714,4676738,871.26,827.35,1698.60,829,873,0.00,0.00,0,0
1612033918.497388,s1-eth1,4664776.50,54604.79,4719381.50,54714,4674106,875.25,827.35,1702.59,829,877,0.00,0.00,0,0
1612033918.497399,lo,0.00,0.00,0.00,0,0,0.00,0.00,0.00,0,0,0.00,0.00,0,0
1612033918.497407,s3-eth2,54604.79,4679030.00,4733635.00,4688388,54714,827.35,872.26,1699.60,874,829,0.00,0.00,0,0
1612033918.497438,s2-eth2,54604.79,4670293.50,4724898.50,4679634,54714,827.35,871.26,1698.60,873,829,0.00,0.00,0,0
1612033918.497450,s1-eth2,54604.79,4667403.50,4722008.00,4676738,54714,827.35,871.26,1698.60,873,829,0.00,0.00,0,0
1612033918.497461,eth0,0.00,0.00,0.00,0,0,0.00,0.00,0.00,0,0,0.00,0.00,0,0
1612033918.497468,total,14166288.00,14180541.00,28346830.00,14208902,14194620,5099.80,5096.81,10196.61,5107,5110,0.00,0.00,0,0
1612033919.499227,s3-eth1,599033.00,7714.29,606747.25,7722,599632,155.84,116.88,272.73,117,156,0.00,0.00,0,0
1612033919.499266,s2-eth1,601860.12,7780.22,609640.38,7788,602462,154.85,117.88,272.73,118,155,0.00,0.00,0,0
1612033919.499278,s1-eth1,597978.06,7846.15,605824.19,7854,598576,139.86,118.88,258.74,119,140,0.00,0.00,0,0
1612033919.499290,lo,0.00,0.00,0.00,0,0,0.00,0.00,0.00,0,0,0.00,0.00,0,0
1612033919.499298,s3-eth2,7648.35,590353.69,598002.00,590944,7656,115.88,155.84,271.73,156,116,0.00,0.00,0,0
1612033919.499329,s2-eth2,7714.29,599033.00,606747.25,599632,7722,116.88,155.84,272.73,156,117,0.00,0.00,0,0
1612033919.499353,s1-eth2,7780.22,601860.12,609640.38,602462,7788,117.88,154.85,272.73,155,118,0.00,0.00,0,0
1612033919.499364,eth0,0.00,0.00,0.00,0,0,0.00,0.00,0.00,0,0,0.00,0.00,0,0
1612033919.499372,total,1822014.00,1814587.50,3636601.50,1816402,1823836,801.20,820.18,1621.38,821,802,0.00,0.00,0,0
1612033920.499609,s3-eth1,2994398.00,45804.00,3040202.00,45804,2994398,723.00,694.00,1417.00,694,723,0.00,0.00,0,0
1612033920.499642,s2-eth1,2991568.00,45738.00,3037306.00,45738,2991568,724.00,693.00,1417.00,693,724,0.00,0.00,0,0
1612033920.499652,s1-eth1,2995454.00,45672.00,3041126.00,45672,2995454,739.00,692.00,1431.00,692,739,0.00,0.00,0,0
1612033920.499661,lo,516.00,516.00,1032.00,516,516,9.00,9.00,18.00,9,9,0.00,0.00,0,0
1612033920.499669,s3-eth2,45870.00,2997228.00,3043098.00,2997228,45870,695.00,722.00,1417.00,722,695,0.00,0.00,0,0
1612033920.499695,s2-eth2,45804.00,2994398.00,3040202.00,2994398,45804,694.00,723.00,1417.00,723,694,0.00,0.00,0,0
1612033920.499706,s1-eth2,45738.00,2991568.00,3037306.00,2991568,45738,693.00,724.00,1417.00,724,693,0.00,0.00,0,0
1612033920.499714,eth0,0.00,0.00,0.00,0,0,0.00,0.00,0.00,0,0,0.00,0.00,0,0
1612033920.499720,total,9119348.00,9120924.00,18240272.00,9120924,9119348,4277.00,4257.00,8534.00,4257,4277,0.00,0.00,0,0
1612033921.501887,s3-eth1,3101411.25,47622.75,3149034.00,47718,3107614,769.46,721.56,1491.02,723,771,0.00,0.00,0,0
1612033921.501943,s2-eth1,3101411.25,47688.62,3149100.00,47784,3107614,769.46,722.55,1492.02,724,771,0.00,0.00,0,0
1612033921.501969,s1-eth1,3095565.00,47688.62,3143253.50,47784,3101756,768.46,722.55,1491.02,724,770,0.00,0.00,0,0
1612033921.501993,lo,0.00,0.00,0.00,0,0,0.00,0.00,0.00,0,0,0.00,0.00,0,0
1612033921.502010,s3-eth2,47622.75,3095565.00,3143187.75,3101756,47718,721.56,768.46,1490.02,770,723,0.00,0.00,0,0
1612033921.502092,s2-eth2,47622.75,3101411.25,3149034.00,3107614,47718,721.56,769.46,1491.02,771,723,0.00,0.00,0,0
1612033921.502121,s1-eth2,47688.62,3101411.25,3149100.00,3107614,47784,722.55,769.46,1492.02,771,724,0.00,0.00,0,0
1612033921.502144,eth0,0.00,0.00,0.00,0,0,0.00,0.00,0.00,0,0,0.00,0.00,0,0
1612033921.502159,total,9441322.00,9441387.00,18882710.00,9460270,9460204,4473.05,4474.05,8947.11,4483,4482,0.00,0.00,0,0
1612033922.502517,s3-eth1,803874.00,11022.00,814896.00,11022,803874,201.00,167.00,368.00,167,201,0.00,0.00,0,0
1612033922.502568,s2-eth1,800780.00,11022.00,811802.00,11022,800780,198.00,167.00,365.00,167,198,0.00,0.00,0,0
1612033922.502592,s1-eth1,823486.00,11154.00,834640.00,11154,823486,191.00,169.00,360.00,169,191,0.00,0.00,0,0
1612033922.502628,lo,0.00,0.00,0.00,0,0,0.00,0.00,0.00,0,0,0.00,0.00,0,0
1612033922.502646,s3-eth2,10956.00,811378.00,822334.00,811378,10956,166.00,205.00,371.00,205,166,0.00,0.00,0,0
1612033922.502707,s2-eth2,11022.00,803874.00,814896.00,803874,11022,167.00,201.00,368.00,201,167,0.00,0.00,0,0
1612033922.502733,s1-eth2,11022.00,800780.00,811802.00,800780,11022,167.00,198.00,365.00,198,167,0.00,0.00,0,0
1612033922.502754,eth0,0.00,0.00,0.00,0,0,0.00,0.00,0.00,0,0,0.00,0.00,0,0
1612033922.502768,total,2461140.00,2449230.00,4910370.00,2449230,2461140,1090.00,1107.00,2197.00,1107,1090,0.00,0.00,0,0
1612033923.503787,s3-eth1,4458783.50,61186.82,4519970.00,61248,4463242,972.03,927.07,1899.10,928,973,0.00,0.00,0,0
1612033923.504045,s2-eth1,4456022.00,61120.88,4517143.00,61182,4460478,974.03,926.07,1900.10,927,975,0.00,0.00,0,0
1612033923.504062,s1-eth1,4456747.50,60989.01,4517736.50,61050,4461204,985.02,924.08,1909.09,925,986,0.00,0.00,0,0
1612033923.504074,lo,0.00,0.00,0.00,0,0,0.00,0.00,0.00,0,0,0.00,0.00,0,0
1612033923.504090,s3-eth2,61252.75,4457139.00,4518391.50,4461596,61314,928.07,969.03,1897.10,970,929,0.00,0.00,0,0
1612033923.504122,s2-eth2,61186.82,4458783.50,4519970.00,4463242,61248,927.07,972.03,1899.10,973,928,0.00,0.00,0,0
1612033923.504135,s1-eth2,61120.88,4456022.00,4517143.00,4460478,61182,926.07,974.03,1900.10,975,927,0.00,0.00,0,0
1612033923.504146,eth0,0.00,0.00,0.00,0,0,0.00,0.00,0.00,0,0,0.00,0.00,0,0
1612033923.504153,total,13555113.00,13555241.00,27110354.00,13568796,13568668,5712.29,5692.31,11404.60,5698,5718,0.00,0.00,0,0
1612033924.518684,s3-eth1,3063862.00,46408.29,3110270.25,47058,3106756,747.53,703.16,1450.69,713,758,0.00,0.00,0,0
1612033924.518727,s2-eth1,3075416.25,46408.29,3121824.50,47058,3118472,749.51,703.16,1452.66,713,760,0.00,0.00,0,0
1612033924.518741,s1-eth1,3075416.25,46408.29,3121824.50,47058,3118472,749.51,703.16,1452.66,713,760,0.00,0.00,0,0
1612033924.518753,lo,0.00,0.00,0.00,0,0,0.00,0.00,0.00,0,0,0.00,0.00,0,0
1612033924.518761,s3-eth2,46343.20,3069639.00,3115982.25,3112614,46992,702.17,748.52,1450.69,759,712,0.00,0.00,0,0
1612033924.518846,s2-eth2,46408.29,3063862.00,3110270.25,3106756,47058,703.16,747.53,1450.69,758,713,0.00,0.00,0,0
1612033924.518861,s1-eth2,46408.29,3075416.25,3121824.50,3118472,47058,703.16,749.51,1452.66,760,713,0.00,0.00,0,0
1612033924.518871,eth0,0.00,0.00,0.00,0,0,0.00,0.00,0.00,0,0,0.00,0.00,0,0
1612033924.518878,total,9353854.00,9348142.00,18701996.00,9479016,9484808,4355.03,4355.03,8710.06,4416,4416,0.00,0.00,0,0
1612033925.519286,s3-eth1,733706.00,9306.00,743012.00,9306,733706,169.00,141.00,310.00,141,169,0.00,0.00,0,0
1612033925.519334,s2-eth1,724754.00,9306.00,734060.00,9306,724754,165.00,141.00,306.00,141,165,0.00,0.00,0,0
1612033925.519350,s1-eth1,750686.00,9372.00,760058.00,9372,750686,163.00,142.00,305.00,142,163,0.00,0.00,0,0
1612033925.519364,lo,516.00,516.00,1032.00,516,516,9.00,9.00,18.00,9,9,0.00,0.00,0,0
1612033925.519378,s3-eth2,9306.00,736866.00,746172.00,736866,9306,141.00,173.00,314.00,173,141,0.00,0.00,0,0
1612033925.519421,s2-eth2,9306.00,733706.00,743012.00,733706,9306,141.00,169.00,310.00,169,141,0.00,0.00,0,0
1612033925.519437,s1-eth2,9306.00,724754.00,734060.00,724754,9306,141.00,165.00,306.00,165,141,0.00,0.00,0,0
1612033925.519450,eth0,0.00,0.00,0.00,0,0,0.00,0.00,0.00,0,0,0.00,0.00,0,0
1612033925.519459,total,2237580.00,2223826.00,4461406.00,2223826,2237580,929.00,940.00,1869.00,940,929,0.00,0.00,0,0
1612033926.523300,s3-eth1,2247436.25,38653.39,2286089.75,38808,2256426,618.53,585.66,1204.18,588,621,0.00,0.00,0,0
1612033926.523341,s2-eth1,2237340.75,38653.39,2275994.00,38808,2246290,618.53,585.66,1204.18,588,621,0.00,0.00,0,0
1612033926.523358,s1-eth1,2242193.25,38587.65,2280781.00,38742,2251162,626.49,584.66,1211.16,587,629,0.00,0.00,0,0
1612033926.523373,lo,0.00,0.00,0.00,0,0,0.00,0.00,0.00,0,0,0.00,0.00,0,0
1612033926.523384,s3-eth2,38719.12,2238454.25,2277173.25,2247408,38874,586.65,613.55,1200.20,616,589,0.00,0.00,0,0
1612033926.523425,s2-eth2,38653.39,2247436.25,2286089.75,2256426,38808,585.66,618.53,1204.18,621,588,0.00,0.00,0,0
1612033926.523457,s1-eth2,38653.39,2237340.75,2275994.00,2246290,38808,585.66,618.53,1204.18,621,588,0.00,0.00,0,0
1612033926.523481,eth0,0.00,0.00,0.00,0,0,0.00,0.00,0.00,0,0,0.00,0.00,0,0
1612033926.523492,total,6842996.00,6839125.50,13682122.00,6866482,6870368,3621.51,3606.57,7228.09,3621,3636,0.00,0.00,0,0
1612033927.523740,s3-eth1,2519418.00,40830.00,2560248.00,40830,2519418,657.00,619.00,1276.00,619,657,0.00,0.00,0,0
1612033927.523765,s2-eth1,2526790.00,40830.00,2567620.00,40830,2526790,659.00,619.00,1278.00,619,659,0.00,0.00,0,0
1612033927.523774,s1-eth1,2531204.00,40830.00,2572034.00,40830,2531204,660.00,619.00,1279.00,619,660,0.00,0.00,0,0
1612033927.523783,lo,1398.00,1398.00,2796.00,1398,1398,15.00,15.00,30.00,15,15,0.00,0.00,0,0
1612033927.523790,s3-eth2,40830.00,2525276.00,2566106.00,2525276,40830,619.00,658.00,1277.00,658,619,0.00,0.00,0,0
1612033927.523814,s2-eth2,40830.00,2519418.00,2560248.00,2519418,40830,619.00,657.00,1276.00,657,619,0.00,0.00,0,0
1612033927.523823,s1-eth2,40830.00,2526790.00,2567620.00,2526790,40830,619.00,659.00,1278.00,659,619,0.00,0.00,0,0
1612033927.523831,eth0,0.00,0.00,0.00,0,0,0.00,0.00,0.00,0,0,0.00,0.00,0,0
1612033927.523837,total,7701300.00,7695372.00,15396672.00,7695372,7701300,3848.00,3846.00,7694.00,3846,3848,0.00,0.00,0,0
1612033928.523959,s3-eth1,4461196.00,56698.00,4517894.00,56698,4461196,920.00,859.00,1779.00,859,920,0.00,0.00,0,0
1612033928.523980,s2-eth1,4455408.00,56698.00,4512106.00,56698,4455408,920.00,859.00,1779.00,859,920,0.00,0.00,0,0
1612033928.523989,s1-eth1,4451064.00,56628.00,4507692.00,56628,4451064,920.00,858.00,1778.00,858,920,0.00,0.00,0,0
1612033928.523997,lo,1690.00,1690.00,3380.00,1690,1690,15.00,15.00,30.00,15,15,0.00,0.00,0,0
1612033928.524004,s3-eth2,56698.00,4450924.00,4507622.00,4450924,56698,859.00,918.00,1777.00,918,859,0.00,0.00,0,0
1612033928.524032,s2-eth2,56698.00,4461196.00,4517894.00,4461196,56698,859.00,920.00,1779.00,920,859,0.00,0.00,0,0
1612033928.524042,s1-eth2,56698.00,4455408.00,4512106.00,4455408,56698,859.00,920.00,1779.00,920,859,0.00,0.00,0,0
1612033928.524050,eth0,0.00,0.00,0.00,0,0,0.00,0.00,0.00,0,0,0.00,0.00,0,0
1612033928.524055,total,13539452.00,13539242.00,27078694.00,13539242,13539452,5352.00,5349.00,10701.00,5349,5352,0.00,0.00,0,0
1612033929.524186,s3-eth1,5978200.00,65868.00,6044068.00,65868,5978200,1088.00,998.00,2086.00,998,1088,0.00,0.00,0,0
1612033929.524212,s2-eth1,5984058.00,65868.00,6049926.00,65868,5984058,1089.00,998.00,2087.00,998,1089,0.00,0.00,0,0
1612033929.524220,s1-eth1,5982544.00,65868.00,6048412.00,65868,5982544,1088.00,998.00,2086.00,998,1088,0.00,0.00,0,0
1612033929.524228,lo,0.00,0.00,0.00,0,0,0.00,0.00,0.00,0,0,0.00,0.00,0,0
1612033929.524234,s3-eth2,65938.00,5982544.00,6048482.00,5982544,65938,999.00,1088.00,2087.00,1088,999,0.00,0.00,0,0
1612033929.524257,s2-eth2,65868.00,5978200.00,6044068.00,5978200,65868,998.00,1088.00,2086.00,1088,998,0.00,0.00,0,0
1612033929.524266,s1-eth2,65868.00,5984058.00,6049926.00,5984058,65868,998.00,1089.00,2087.00,1089,998,0.00,0.00,0,0
1612033929.524273,eth0,0.00,0.00,0.00,0,0,0.00,0.00,0.00,0,0,0.00,0.00,0,0
1612033929.524278,total,18142476.00,18142406.00,36284880.00,18142406,18142476,6260.00,6259.00,12519.00,6259,6260,0.00,0.00,0,0
1612033930.525928,s3-eth1,3505398.75,46153.85,3551552.50,46200,3508904,751.25,699.30,1450.55,700,752,0.00,0.00,0,0
1612033930.525969,s2-eth1,3505398.75,46153.85,3551552.50,46200,3508904,751.25,699.30,1450.55,700,752,0.00,0.00,0,0
1612033930.525982,s1-eth1,3505398.75,46219.78,3551618.50,46266,3508904,751.25,700.30,1451.55,701,752,0.00,0.00,0,0
1612033930.525994,lo,0.00,0.00,0.00,0,0,0.00,0.00,0.00,0,0,0.00,0.00,0,0
1612033930.526002,s3-eth2,46153.85,3505398.75,3551552.50,3508904,46200,699.30,751.25,1450.55,752,700,0.00,0.00,0,0
1612033930.526047,s2-eth2,46153.85,3505398.75,3551552.50,3508904,46200,699.30,751.25,1450.55,752,700,0.00,0.00,0,0
1612033930.526063,s1-eth2,46153.85,3505398.75,3551552.50,3508904,46200,699.30,751.25,1450.55,752,700,0.00,0.00,0,0
1612033930.526086,eth0,0.00,0.00,0.00,0,0,0.00,0.00,0.00,0,0,0.00,0.00,0,0
1612033930.526094,total,10654658.00,10654724.00,21309382.00,10665378,10665312,4351.65,4352.65,8704.30,4357,4356,0.00,0.00,0,0
1612033931.526269,s3-eth1,534332.00,6468.00,540800.00,6468,534332,110.00,98.00,208.00,98,110,0.00,0.00,0,0
1612033931.526298,s2-eth1,543020.00,6534.00,549554.00,6534,543020,110.00,99.00,209.00,99,110,0.00,0.00,0,0
1612033931.526309,s1-eth1,550062.00,6534.00,556596.00,6534,550062,107.00,99.00,206.00,99,107,0.00,0.00,0,0
1612033931.526319,lo,0.00,0.00,0.00,0,0,0.00,0.00,0.00,0,0,0.00,0.00,0,0
1612033931.526327,s3-eth2,6336.00,531502.00,537838.00,531502,6336,96.00,111.00,207.00,111,96,0.00,0.00,0,0
1612033931.526357,s2-eth2,6468.00,534332.00,540800.00,534332,6468,98.00,110.00,208.00,110,98,0.00,0.00,0,0
1612033931.526369,s1-eth2,6534.00,543020.00,549554.00,543020,6534,99.00,110.00,209.00,110,99,0.00,0.00,0,0
1612033931.526379,eth0,0.00,0.00,0.00,0,0,0.00,0.00,0.00,0,0,0.00,0.00,0,0
1612033931.526386,total,1646752.00,1628390.00,3275142.00,1628390,1646752,620.00,627.00,1247.00,627,620,0.00,0.00,0,0
1612033932.528215,s3-eth1,4453730.50,63494.51,4517225.00,63558,4458184,1026.97,962.04,1989.01,963,1028,0.00,0.00,0,0
1612033932.528253,s2-eth1,4449390.50,63428.57,4512819.50,63492,4453840,1026.97,961.04,1988.01,962,1028,0.00,0.00,0,0
1612033932.528269,s1-eth1,4455572.50,63428.57,4519001.00,63492,4460028,1032.97,961.04,1994.01,962,1034,0.00,0.00,0,0
1612033932.528282,lo,0.00,0.00,0.00,0,0,0.00,0.00,0.00,0,0,0.00,0.00,0,0
1612033932.528291,s3-eth2,63626.38,4456557.50,4520184.00,4461014,63690,964.04,1025.97,1990.01,1027,965,0.00,0.00,0,0
1612033932.528327,s2-eth2,63494.51,4453730.50,4517225.00,4458184,63558,962.04,1026.97,1989.01,1028,963,0.00,0.00,0,0
1612033932.528343,s1-eth2,63428.57,4449390.50,4512819.50,4453840,63492,961.04,1026.97,1988.01,1028,962,0.00,0.00,0,0
1612033932.528355,eth0,0.00,0.00,0.00,0,0,0.00,0.00,0.00,0,0,0.00,0.00,0,0
1612033932.528362,total,13549243.00,13550030.00,27099274.00,13563580,13562792,5974.03,5964.04,11938.06,5970,5980,0.00,0.00,0,0
1612033933.529477,s3-eth1,3499236.75,53010.99,3552247.75,53064,3502736,855.14,803.20,1658.34,804,856,0.00,0.00,0,0
1612033933.529505,s2-eth1,3500749.25,53010.99,3553760.25,53064,3504250,856.14,803.20,1659.34,804,857,0.00,0.00,0,0
1612033933.529514,s1-eth1,3518305.75,52945.05,3571250.75,52998,3521824,859.14,802.20,1661.34,803,860,0.00,0.00,0,0
1612033933.529522,lo,515.48,515.48,1030.97,516,516,8.99,8.99,17.98,9,9,0.00,0.00,0,0
1612033933.529529,s3-eth2,53010.99,3512453.75,3565464.75,3515966,53064,803.20,858.14,1661.34,859,804,0.00,0.00,0,0
1612033933.529556,s2-eth2,53076.93,3506601.50,3559678.50,3510108,53130,804.20,857.14,1661.34,858,805,0.00,0.00,0,0
1612033933.529565,s1-eth2,53076.93,3506601.50,3559678.50,3510108,53130,804.20,857.14,1661.34,858,805,0.00,0.00,0,0
1612033933.529573,eth0,0.00,0.00,0.00,0,0,0.00,0.00,0.00,0,0,0.00,0.00,0,0
1612033933.529578,total,10677972.00,10685139.00,21363112.00,10695824,10688650,4991.01,4990.01,9981.02,4995,4996,0.00,0.00,0,0
1612033934.531679,s3-eth1,4288838.50,47169.66,4336008.00,47264,4297416,784.43,714.57,1499.00,716,786,0.00,0.00,0,0
1612033934.531720,s2-eth1,4290217.50,47099.80,4337317.50,47194,4298798,783.43,713.57,1497.01,715,785,0.00,0.00,0,0
1612033934.531734,s1-eth1,4269657.00,47099.80,4316756.50,47194,4278196,778.44,713.57,1492.02,715,780,0.00,0.00,0,0
1612033934.531747,lo,2361.28,2361.28,4722.56,2366,2366,20.96,20.96,41.92,21,21,0.00,0.00,0,0
1612033934.531759,s3-eth2,47169.66,4294948.00,4342118.00,4303538,47264,714.57,789.42,1503.99,791,716,0.00,0.00,0,0
1612033934.531793,s2-eth2,47103.79,4281481.00,4328585.00,4290044,47198,713.57,782.44,1496.01,784,715,0.00,0.00,0,0
1612033934.531808,s1-eth2,47033.93,4284371.50,4331405.50,4292940,47128,712.57,782.44,1495.01,784,714,0.00,0.00,0,0
1612033934.531819,eth0,0.00,0.00,0.00,0,0,0.00,0.00,0.00,0,0,0.00,0.00,0,0
1612033934.531829,total,12992382.00,13004531.00,25996912.00,13030540,13018366,4507.98,4516.97,9024.95,4526,4517,0.00,0.00,0,0
1612033935.532027,s3-eth1,5013584.00,73128.00,5086712.00,73128,5013584,1172.00,1108.00,2280.00,1108,1172,0.00,0.00,0,0
1612033935.532070,s2-eth1,5000486.00,73194.00,5073680.00,73194,5000486,1171.00,1109.00,2280.00,1109,1171,0.00,0.00,0,0
1612033935.532080,s1-eth1,5009372.00,73194.00,5082566.00,73194,5009372,1174.00,1109.00,2283.00,1109,1174,0.00,0.00,0,0
1612033935.532089,lo,0.00,0.00,0.00,0,0,0.00,0.00,0.00,0,0,0.00,0.00,0,0
1612033935.532096,s3-eth2,73128.00,5013320.00,5086448.00,5013320,73128,1108.00,1168.00,2276.00,1168,1108,0.00,0.00,0,0
1612033935.532122,s2-eth2,73128.00,5013584.00,5086712.00,5013584,73128,1108.00,1172.00,2280.00,1172,1108,0.00,0.00,0,0
1612033935.532133,s1-eth2,73194.00,5000486.00,5073680.00,5000486,73194,1109.00,1171.00,2280.00,1171,1109,0.00,0.00,0,0
1612033935.532142,eth0,0.00,0.00,0.00,0,0,0.00,0.00,0.00,0,0,0.00,0.00,0,0
1612033935.532148,total,15242892.00,15246906.00,30489798.00,15246906,15242892,6842.00,6837.00,13679.00,6837,6842,0.00,0.00,0,0
1612033936.534685,s3-eth1,3298708.75,37347.30,3336056.00,37422,3305306,627.74,565.87,1193.61,567,629,0.00,0.00,0,0
1612033936.534715,s2-eth1,3304357.50,37347.30,3341704.75,37422,3310966,625.75,565.87,1191.62,567,627,0.00,0.00,0,0
1612033936.534724,s1-eth1,3295291.50,37413.18,3332704.75,37488,3301882,619.76,566.87,1186.63,568,621,0.00,0.00,0,0
1612033936.534733,lo,0.00,0.00,0.00,0,0,0.00,0.00,0.00,0,0,0.00,0.00,0,0
1612033936.534739,s3-eth2,37281.44,3316774.50,3354056.00,3323408,37356,564.87,638.72,1203.59,640,566,0.00,0.00,0,0
1612033936.534761,s2-eth2,37347.30,3298708.75,3336056.00,3305306,37422,565.87,627.74,1193.61,629,567,0.00,0.00,0,0
1612033936.534770,s1-eth2,37347.30,3304357.50,3341704.75,3310966,37422,565.87,625.75,1191.62,627,567,0.00,0.00,0,0
1612033936.534778,eth0,0.00,0.00,0.00,0,0,0.00,0.00,0.00,0,0,0.00,0.00,0,0
1612033936.534783,total,10010334.00,10031948.00,20042282.00,10052012,10030354,3569.86,3590.82,7160.68,3598,3577,0.00,0.00,0,0
1612033937.537624,s3-eth1,4709158.00,69227.55,4778385.50,69366,4718576,1109.78,1048.90,2158.68,1051,1112,0.00,0.00,0,0
1612033937.538022,s2-eth1,4710500.50,69092.72,4779593.50,69300,4724632,1112.66,1046.86,2159.52,1050,1116,0.00,0.00,0,0
1612033937.538048,s1-eth1,4688845.50,69026.92,4757872.50,69234,4702912,1112.66,1045.86,2158.52,1049,1116,0.00,0.00,0,0
1612033937.538239,lo,0.00,0.00,0.00,0,0,0.00,0.00,0.00,0,0,0.00,0.00,0,0
1612033937.538263,s3-eth2,69224.33,4709776.50,4779001.00,4723906,69432,1048.85,1101.69,2150.55,1105,1052,0.00,0.00,0,0
1612033937.538331,s2-eth2,69224.33,4710303.00,4779527.50,4724434,69432,1048.85,1109.67,2158.52,1113,1052,0.00,0.00,0,0
1612033937.538360,s1-eth2,69158.52,4716341.00,4785499.50,4730490,69366,1047.86,1113.66,2161.52,1117,1051,0.00,0.00,0,0
1612033937.538384,eth0,0.00,0.00,0.00,0,0,0.00,0.00,0.00,0,0,0.00,0.00,0,0
1612033937.538399,total,14311416.00,14343699.00,28655114.00,14386730,14354350,6479.56,6465.60,12945.16,6485,6499,0.00,0.00,0,0
1612033938.538829,s3-eth1,1088391.62,17010.99,1105402.62,17028,1089480,315.68,257.74,573.43,258,316,0.00,0.00,0,0
1612033938.538848,s2-eth1,1077500.00,17160.00,1094660.00,17160,1077500,310.00,260.00,570.00,260,310,0.00,0.00,0,0
1612033938.538856,s1-eth1,1065124.00,17160.00,1082284.00,17160,1065124,298.00,260.00,558.00,260,298,0.00,0.00,0,0
1612033938.538863,lo,0.00,0.00,0.00,0,0,0.00,0.00,0.00,0,0,0.00,0.00,0,0
1612033938.538869,s3-eth2,16962.00,1069340.00,1086302.00,1069340,16962,257.00,318.00,575.00,318,257,0.00,0.00,0,0
1612033938.538891,s2-eth2,16962.00,1083622.00,1100584.00,1083622,16962,257.00,315.00,572.00,315,257,0.00,0.00,0,0
1612033938.538899,s1-eth2,17094.00,1071642.00,1088736.00,1071642,17094,259.00,309.00,568.00,309,259,0.00,0.00,0,0
1612033938.538906,eth0,0.00,0.00,0.00,0,0,0.00,0.00,0.00,0,0,0.00,0.00,0,0
1612033938.538911,total,3283122.00,3275952.00,6559074.00,3275952,3283122,1697.00,1720.00,3417.00,1720,1697,0.00,0.00,0,0
1612033939.543466,s3-eth1,4559257.00,57388.45,4616645.50,57618,4577494,923.31,869.52,1792.83,873,927,0.00,0.00,0,0
1612033939.543499,s2-eth1,4553685.50,57256.97,4610942.50,57486,4571900,926.29,867.53,1793.82,871,930,0.00,0.00,0,0
1612033939.543512,s1-eth1,4554343.00,57256.97,4611599.50,57486,4572560,936.26,867.53,1803.78,871,940,0.00,0.00,0,0
1612033939.543536,lo,513.94,513.94,1027.89,516,516,8.96,8.96,17.93,9,9,0.00,0.00,0,0
1612033939.543547,s3-eth2,57454.18,4550143.50,4607597.50,4568344,57684,870.52,916.33,1786.85,920,874,0.00,0.00,0,0
1612033939.543580,s2-eth2,57388.45,4559257.00,4616645.50,4577494,57618,869.52,923.31,1792.83,927,873,0.00,0.00,0,0
1612033939.543593,s1-eth2,57256.97,4553685.50,4610942.50,4571900,57486,867.53,926.29,1793.82,930,871,0.00,0.00,0,0
1612033939.543604,eth0,0.00,0.00,0.00,0,0,0.00,0.00,0.00,0,0,0.00,0.00,0,0
1612033939.543611,total,13839899.00,13835502.00,27675402.00,13890844,13895258,5402.39,5379.48,10781.87,5401,5424,0.00,0.00,0,0
1612033940.547295,s3-eth1,353389.84,4869.39,358259.22,4884,354450,104.69,73.78,178.46,74,105,0.00,0.00,0,0
1612033940.547332,s2-eth1,360410.78,5001.00,365411.78,5016,361492,101.69,75.77,177.47,76,102,0.00,0.00,0,0
1612033940.547343,s1-eth1,370121.62,5001.00,375122.62,5016,371232,95.71,75.77,171.49,76,96,0.00,0.00,0,0
1612033940.547352,lo,0.00,0.00,0.00,0,0,0.00,0.00,0.00,0,0,0.00,0.00,0,0
1612033940.547389,s3-eth2,4869.39,352143.56,357012.97,353200,4884,73.78,107.68,181.46,108,74,0.00,0.00,0,0
1612033940.547416,s2-eth2,4869.39,353389.84,358259.22,354450,4884,73.78,104.69,178.46,105,74,0.00,0.00,0,0
1612033940.547428,s1-eth2,5001.00,360410.78,365411.78,361492,5016,75.77,101.69,177.47,102,76,0.00,0.00,0,0
1612033940.547437,eth0,0.00,0.00,0.00,0,0,0.00,0.00,0.00,0,0,0.00,0.00,0,0
1612033940.547443,total,1098662.00,1080815.50,2179477.50,1084058,1101958,525.42,539.38,1064.81,541,527,0.00,0.00,0,0
1612033941.572748,s3-eth1,664965.88,13200.00,678165.88,13530,681590,229.27,200.00,429.27,205,235,0.00,0.00,0,0
1612033941.572788,s2-eth1,666442.94,13135.61,679578.56,13464,683104,230.24,199.02,429.27,204,236,0.00,0.00,0,0
1612033941.572801,s1-eth1,659186.38,13200.00,672386.38,13530,675666,227.32,200.00,427.32,205,233,0.00,0.00,0,0
1612033941.572812,lo,0.00,0.00,0.00,0,0,0.00,0.00,0.00,0,0,0.00,0.00,0,0
1612033941.572821,s3-eth2,13071.22,662076.12,675147.31,678628,13398,198.05,228.29,426.34,234,203,0.00,0.00,0,0
1612033941.572853,s2-eth2,13200.00,664965.88,678165.88,681590,13530,200.00,229.27,429.27,235,205,0.00,0.00,0,0
1612033941.572866,s1-eth2,13135.61,666442.94,679578.56,683104,13464,199.02,230.24,429.27,236,204,0.00,0.00,0,0
1612033941.572877,eth0,0.00,0.00,0.00,0,0,0.00,0.00,0.00,0,0,0.00,0.00,0,0
1612033941.572884,total,2030002.00,2033020.50,4063022.50,2083846,2080752,1283.90,1286.83,2570.73,1319,1316,0.00,0.00,0,0
1612033942.576310,s3-eth1,4036406.75,58893.32,4095300.25,59070,4048516,939.18,892.32,1831.51,895,942,0.00,0.00,0,0
1612033942.576341,s2-eth1,4039557.25,58827.52,4098384.75,59004,4051676,943.17,891.33,1834.50,894,946,0.00,0.00,0,0
1612033942.576353,s1-eth1,4037262.25,58761.71,4096024.00,58938,4049374,952.14,890.33,1842.47,893,955,0.00,0.00,0,0
1612033942.576365,lo,0.00,0.00,0.00,0,0,0.00,0.00,0.00,0,0,0.00,0.00,0,0
1612033942.576374,s3-eth2,59024.93,4040606.25,4099631.25,4052728,59202,894.32,937.19,1831.51,940,897,0.00,0.00,0,0
1612033942.576404,s2-eth2,58893.32,4036406.75,4095300.25,4048516,59070,892.32,939.18,1831.51,942,895,0.00,0.00,0,0
1612033942.576417,s1-eth2,58827.52,4039557.25,4098384.75,4051676,59004,891.33,943.17,1834.50,946,894,0.00,0.00,0,0
1612033942.576428,eth0,0.00,0.00,0.00,0,0,0.00,0.00,0.00,0,0,0.00,0.00,0,0
1612033942.576435,total,12289972.00,12293053.00,24583026.00,12329932,12326842,5512.46,5493.52,11005.98,5510,5529,0.00,0.00,0,0
1612033943.578244,s3-eth1,4419462.50,60791.21,4480254.00,60852,4423882,968.03,921.08,1889.11,922,969,0.00,0.00,0,0
1612033943.579124,s2-eth1,4420898.50,60730.54,4481629.00,60852,4429740,968.06,920.16,1888.22,922,970,0.00,0.00,0,0
1612033943.579139,s1-eth1,4426744.50,60730.54,4487475.00,60852,4435598,969.06,920.16,1889.22,922,971,0.00,0.00,0,0
1612033943.579147,lo,0.00,0.00,0.00,0,0,0.00,0.00,0.00,0,0,0.00,0.00,0,0
1612033943.579154,s3-eth2,60730.54,4413541.00,4474271.50,4422368,60852,920.16,966.07,1886.23,968,922,0.00,0.00,0,0
1612033943.579180,s2-eth2,60730.54,4420898.50,4481629.00,4429740,60852,920.16,968.06,1888.22,970,922,0.00,0.00,0,0
1612033943.579294,s1-eth2,60730.54,4426744.50,4487475.00,4435598,60852,920.16,969.06,1889.22,971,922,0.00,0.00,0,0
1612033943.579305,eth0,0.00,0.00,0.00,0,0,0.00,0.00,0.00,0,0,0.00,0.00,0,0
1612033943.579310,total,13444887.00,13443376.00,26888262.00,13470262,13471776,5664.67,5663.67,11328.34,5675,5676,0.00,0.00,0,0
1612033944.579596,s3-eth1,2783392.75,30461.54,2813854.25,30492,2786176,507.49,461.54,969.03,462,508,0.00,0.00,0,0
1612033944.579657,s2-eth1,2784662.00,30426.00,2815088.00,30426,2784662,507.00,461.00,968.00,461,507,0.00,0.00,0,0
1612033944.579682,s1-eth1,2775842.00,30492.00,2806334.00,30492,2775842,505.00,462.00,967.00,462,505,0.00,0.00,0,0
1612033944.579897,lo,516.00,516.00,1032.00,516,516,9.00,9.00,18.00,9,9,0.00,0.00,0,0
1612033944.579930,s3-eth2,30492.00,2780450.00,2810942.00,2780450,30492,462.00,509.00,971.00,509,462,0.00,0.00,0,0
1612033944.579994,s2-eth2,30492.00,2784728.00,2815220.00,2784728,30492,462.00,508.00,970.00,508,462,0.00,0.00,0,0
1612033944.580021,s1-eth2,30492.00,2778804.00,2809296.00,2778804,30492,462.00,506.00,968.00,506,462,0.00,0.00,0,0
1612033944.580043,eth0,0.00,0.00,0.00,0,0,0.00,0.00,0.00,0,0,0.00,0.00,0,0
1612033944.580061,total,8438672.00,8435908.00,16874580.00,8435908,8438672,2915.00,2917.00,5832.00,2917,2915,0.00,0.00,0,0
1612033945.580395,s3-eth1,899330.00,16302.00,915632.00,16302,899330,309.00,247.00,556.00,247,309,0.00,0.00,0,0
1612033945.580476,s2-eth1,891826.00,16434.00,908260.00,16434,891826,305.00,249.00,554.00,249,305,0.00,0.00,0,0
1612033945.580489,s1-eth1,894128.00,16500.00,910628.00,16500,894128,296.00,250.00,546.00,250,296,0.00,0.00,0,0
1612033945.580499,lo,0.00,0.00,0.00,0,0,0.00,0.00,0.00,0,0,0.00,0.00,0,0
1612033945.580507,s3-eth2,16170.00,896434.00,912604.00,896434,16170,245.00,309.00,554.00,309,245,0.00,0.00,0,0
1612033945.580538,s2-eth2,16302.00,897882.00,914184.00,897882,16302,247.00,309.00,556.00,309,247,0.00,0.00,0,0
1612033945.580550,s1-eth2,16368.00,891826.00,908194.00,891826,16368,248.00,305.00,553.00,305,248,0.00,0.00,0,0
1612033945.580560,eth0,0.00,0.00,0.00,0,0,0.00,0.00,0.00,0,0,0.00,0.00,0,0
1612033945.580567,total,2734124.00,2735378.00,5469502.00,2735378,2734124,1650.00,1669.00,3319.00,1669,1650,0.00,0.00,0,0
1612033946.582368,s3-eth1,4683600.50,62703.30,4746304.00,62766,4688284,1024.98,950.05,1975.03,951,1026,0.00,0.00,0,0
1612033946.582414,s2-eth1,4673540.50,62703.30,4736244.00,62766,4678214,1025.97,950.05,1976.02,951,1027,0.00,0.00,0,0
1612033946.582431,s1-eth1,4674200.00,62571.43,4736771.50,62634,4678874,1035.96,948.05,1984.02,949,1037,0.00,0.00,0,0
1612033946.582446,lo,0.00,0.00,0.00,0,0,0.00,0.00,0.00,0,0,0.00,0.00,0,0
1612033946.582456,s3-eth2,62835.17,4680509.50,4743345.00,4685190,62898,952.05,1021.98,1974.03,1023,953,0.00,0.00,0,0
1612033946.582497,s2-eth2,62703.30,4680641.50,4743345.00,4685322,62766,950.05,1023.98,1974.03,1025,951,0.00,0.00,0,0
1612033946.582513,s1-eth2,62703.30,4673540.50,4736244.00,4678214,62766,950.05,1025.97,1976.02,1027,951,0.00,0.00,0,0
1612033946.582528,eth0,0.00,0.00,0.00,0,0,0.00,0.00,0.00,0,0,0.00,0.00,0,0
1612033946.582537,total,14219583.00,14222670.00,28442252.00,14236892,14233802,5939.06,5920.08,11859.14,5926,5945,0.00,0.00,0,0
1612033947.582730,s3-eth1,3196594.00,46266.00,3242860.00,46266,3196594,737.00,701.00,1438.00,701,737,0.00,0.00,0,0
1612033947.582756,s2-eth1,3209824.00,46200.00,3256024.00,46200,3209824,740.00,700.00,1440.00,700,740,0.00,0.00,0,0
1612033947.582765,s1-eth1,3206862.00,46200.00,3253062.00,46200,3206862,739.00,700.00,1439.00,700,739,0.00,0.00,0,0
1612033947.582774,lo,0.00,0.00,0.00,0,0,0.00,0.00,0.00,0,0,0.00,0.00,0,0
1612033947.582781,s3-eth2,46266.00,3196594.00,3242860.00,3196594,46266,701.00,737.00,1438.00,737,701,0.00,0.00,0,0
1612033947.582807,s2-eth2,46266.00,3196594.00,3242860.00,3196594,46266,701.00,737.00,1438.00,737,701,0.00,0.00,0,0
1612033947.582817,s1-eth2,46200.00,3209824.00,3256024.00,3209824,46200,700.00,740.00,1440.00,740,700,0.00,0.00,0,0
1612033947.582826,eth0,0.00,0.00,0.00,0,0,0.00,0.00,0.00,0,0,0.00,0.00,0,0
1612033947.582845,total,9752012.00,9741678.00,19493690.00,9741678,9752012,4318.00,4315.00,8633.00,4315,4318,0.00,0.00,0,0
1612033948.583091,s3-eth1,6041190.00,66660.00,6107850.00,66660,6041190,1099.00,1010.00,2109.00,1010,1099,0.00,0.00,0,0
1612033948.583124,s2-eth1,6045534.00,66726.00,6112260.00,66726,6045534,1099.00,1011.00,2110.00,1011,1099,0.00,0.00,0,0
1612033948.583139,s1-eth1,6042638.00,66726.00,6109364.00,66726,6042638,1099.00,1011.00,2110.00,1011,1099,0.00,0.00,0,0
1612033948.583154,lo,0.00,0.00,0.00,0,0,0.00,0.00,0.00,0,0,0.00,0.00,0,0
1612033948.583165,s3-eth2,66660.00,6041190.00,6107850.00,6041190,66660,1010.00,1099.00,2109.00,1099,1010,0.00,0.00,0,0
1612033948.583203,s2-eth2,66660.00,6041190.00,6107850.00,6041190,66660,1010.00,1099.00,2109.00,1099,1010,0.00,0.00,0,0
1612033948.583218,s1-eth2,66726.00,6045534.00,6112260.00,6045534,66726,1011.00,1099.00,2110.00,1099,1011,0.00,0.00,0,0
1612033948.583232,eth0,0.00,0.00,0.00,0,0,0.00,0.00,0.00,0,0,0.00,0.00,0,0
1612033948.583240,total,18329408.00,18328026.00,36657432.00,18328026,18329408,6328.00,6329.00,12657.00,6329,6328,0.00,0.00,0,0
1612033949.583416,s3-eth1,4116432.00,55242.00,4171674.00,55242,4116432,896.00,837.00,1733.00,837,896,0.00,0.00,0,0
1612033949.583439,s2-eth1,4117946.00,55242.00,4173188.00,55242,4117946,897.00,837.00,1734.00,837,897,0.00,0.00,0,0
1612033949.583447,s1-eth1,4117946.00,55242.00,4173188.00,55242,4117946,897.00,837.00,1734.00,837,897,0.00,0.00,0,0
1612033949.583454,lo,516.00,516.00,1032.00,516,516,9.00,9.00,18.00,9,9,0.00,0.00,0,0
1612033949.583461,s3-eth2,55242.00,4116432.00,4171674.00,4116432,55242,837.00,896.00,1733.00,896,837,0.00,0.00,0,0
1612033949.583482,s2-eth2,55242.00,4116432.00,4171674.00,4116432,55242,837.00,896.00,1733.00,896,837,0.00,0.00,0,0
1612033949.583491,s1-eth2,55242.00,4117946.00,4173188.00,4117946,55242,837.00,897.00,1734.00,897,837,0.00,0.00,0,0
1612033949.583498,eth0,0.00,0.00,0.00,0,0,0.00,0.00,0.00,0,0,0.00,0.00,0,0
1612033949.583503,total,12518566.00,12517052.00,25035618.00,12517052,12518566,5210.00,5209.00,10419.00,5209,5210,0.00,0.00,0,0
1612033950.584186,s3-eth1,3639076.00,39996.00,3679072.00,39996,3639076,662.00,606.00,1268.00,606,662,0.00,0.00,0,0
1612033950.584244,s2-eth1,3633218.00,39996.00,3673214.00,39996,3633218,661.00,606.00,1267.00,606,661,0.00,0.00,0,0
1612033950.584268,s1-eth1,3644934.00,40062.00,3684996.00,40062,3644934,663.00,607.00,1270.00,607,663,0.00,0.00,0,0
1612033950.584291,lo,0.00,0.00,0.00,0,0,0.00,0.00,0.00,0,0,0.00,0.00,0,0
1612033950.584309,s3-eth2,39996.00,3639076.00,3679072.00,3639076,39996,606.00,662.00,1268.00,662,606,0.00,0.00,0,0
1612033950.584371,s2-eth2,39996.00,3639076.00,3679072.00,3639076,39996,606.00,662.00,1268.00,662,606,0.00,0.00,0,0
1612033950.584398,s1-eth2,39996.00,3633218.00,3673214.00,3633218,39996,606.00,661.00,1267.00,661,606,0.00,0.00,0,0
1612033950.584420,eth0,0.00,0.00,0.00,0,0,0.00,0.00,0.00,0,0,0.00,0.00,0,0
1612033950.584435,total,11037216.00,11031424.00,22068640.00,11031424,11037216,3804.00,3804.00,7608.00,3804,3804,0.00,0.00,0,0
1612033951.586111,s3-eth1,2626937.25,43582.42,2670519.50,43626,2629564,701.30,660.34,1361.64,661,702,0.00,0.00,0,0
1612033951.586180,s2-eth1,2619572.50,43516.48,2663089.00,43560,2622192,699.30,659.34,1358.64,660,700,0.00,0.00,0,0
1612033951.586206,s1-eth1,2626937.25,43450.55,2670387.75,43494,2629564,701.30,658.34,1359.64,659,702,0.00,0.00,0,0
1612033951.586231,lo,0.00,0.00,0.00,0,0,0.00,0.00,0.00,0,0,0.00,0.00,0,0
1612033951.586249,s3-eth2,43582.42,2626937.25,2670519.50,2629564,43626,660.34,701.30,1361.64,702,661,0.00,0.00,0,0
1612033951.586313,s2-eth2,43582.42,2626937.25,2670519.50,2629564,43626,660.34,701.30,1361.64,702,661,0.00,0.00,0,0
1612033951.586340,s1-eth2,43516.48,2619572.50,2663089.00,2622192,43560,659.34,699.30,1358.64,700,660,0.00,0.00,0,0
1612033951.586363,eth0,0.00,0.00,0.00,0,0,0.00,0.00,0.00,0,0,0.00,0.00,0,0
1612033951.586379,total,8004128.00,8003996.00,16008124.00,8012000,8012132,4081.92,4079.92,8161.84,4084,4086,0.00,0.00,0,0
1612033952.586628,s3-eth1,1657058.00,27258.00,1684316.00,27258,1657058,469.00,413.00,882.00,413,469,0.00,0.00,0,0
1612033952.586656,s2-eth1,1656794.00,27324.00,1684118.00,27324,1656794,465.00,414.00,879.00,414,465,0.00,0.00,0,0
1612033952.586664,s1-eth1,1642904.00,27390.00,1670294.00,27390,1642904,452.00,415.00,867.00,415,452,0.00,0.00,0,0
1612033952.586672,lo,0.00,0.00,0.00,0,0,0.00,0.00,0.00,0,0,0.00,0.00,0,0
1612033952.586678,s3-eth2,27192.00,1660152.00,1687344.00,1660152,27192,412.00,472.00,884.00,472,412,0.00,0.00,0,0
1612033952.586701,s2-eth2,27258.00,1657058.00,1684316.00,1657058,27258,413.00,469.00,882.00,469,413,0.00,0.00,0,0
1612033952.586710,s1-eth2,27324.00,1656794.00,1684118.00,1656794,27324,414.00,465.00,879.00,465,414,0.00,0.00,0,0
1612033952.586718,eth0,0.00,0.00,0.00,0,0,0.00,0.00,0.00,0,0,0.00,0.00,0,0
1612033952.586723,total,5038530.00,5055976.00,10094506.00,5055976,5038530,2625.00,2648.00,5273.00,2648,2625,0.00,0.00,0,0
1612033953.586858,s3-eth1,5990852.00,72642.00,6063494.00,72642,5990852,1170.00,1101.00,2271.00,1101,1170,0.00,0.00,0,0
1612033953.586883,s2-eth1,5986772.00,72642.00,6059414.00,72642,5986772,1174.00,1101.00,2275.00,1101,1174,0.00,0.00,0,0
1612033953.586893,s1-eth1,5981574.00,72576.00,6054150.00,72576,5981574,1183.00,1100.00,2283.00,1100,1183,0.00,0.00,0,0
1612033953.586902,lo,0.00,0.00,0.00,0,0,0.00,0.00,0.00,0,0,0.00,0.00,0,0
1612033953.586909,s3-eth2,72708.00,6000988.00,6073696.00,6000988,72708,1102.00,1170.00,2272.00,1170,1102,0.00,0.00,0,0
1612033953.586935,s2-eth2,72642.00,5990852.00,6063494.00,5990852,72642,1101.00,1170.00,2271.00,1170,1101,0.00,0.00,0,0
1612033953.586945,s1-eth2,72642.00,5986772.00,6059414.00,5986772,72642,1101.00,1174.00,2275.00,1174,1101,0.00,0.00,0,0
1612033953.586953,eth0,0.00,0.00,0.00,0,0,0.00,0.00,0.00,0,0,0.00,0.00,0,0
1612033953.586959,total,18177190.00,18196472.00,36373664.00,18196472,18177190,6831.00,6816.00,13647.00,6816,6831,0.00,0.00,0,0
1612033954.587141,s3-eth1,6038336.00,66528.00,6104864.00,66528,6038336,1100.00,1008.00,2108.00,1008,1100,0.00,0.00,0,0
1612033954.587171,s2-eth1,6038336.00,66462.00,6104798.00,66462,6038336,1100.00,1007.00,2107.00,1007,1100,0.00,0.00,0,0
1612033954.587181,s1-eth1,6038336.00,66462.00,6104798.00,66462,6038336,1100.00,1007.00,2107.00,1007,1100,0.00,0.00,0,0
1612033954.587191,lo,516.00,516.00,1032.00,516,516,9.00,9.00,18.00,9,9,0.00,0.00,0,0
1612033954.587199,s3-eth2,66462.00,6036822.00,6103284.00,6036822,66462,1007.00,1099.00,2106.00,1099,1007,0.00,0.00,0,0
1612033954.587227,s2-eth2,66528.00,6038336.00,6104864.00,6038336,66528,1008.00,1100.00,2108.00,1100,1008,0.00,0.00,0,0
1612033954.587238,s1-eth2,66462.00,6038336.00,6104798.00,6038336,66462,1007.00,1100.00,2107.00,1100,1007,0.00,0.00,0,0
1612033954.587246,eth0,0.00,0.00,0.00,0,0,0.00,0.00,0.00,0,0,0.00,0.00,0,0
1612033954.587253,total,18314976.00,18313462.00,36628440.00,18313462,18314976,6331.00,6330.00,12661.00,6330,6331,0.00,0.00,0,0
1612033955.587386,s3-eth1,6030922.00,66330.00,6097252.00,66330,6030922,1097.00,1005.00,2102.00,1005,1097,0.00,0.00,0,0
1612033955.587414,s2-eth1,6030922.00,66330.00,6097252.00,66330,6030922,1097.00,1005.00,2102.00,1005,1097,0.00,0.00,0,0
1612033955.587424,s1-eth1,6030992.00,66330.00,6097322.00,66330,6030992,1098.00,1005.00,2103.00,1005,1098,0.00,0.00,0,0
1612033955.587433,lo,0.00,0.00,0.00,0,0,0.00,0.00,0.00,0,0,0.00,0.00,0,0
1612033955.587442,s3-eth2,66396.00,6026578.00,6092974.00,6026578,66396,1006.00,1097.00,2103.00,1097,1006,0.00,0.00,0,0
1612033955.587470,s2-eth2,66330.00,6030922.00,6097252.00,6030922,66330,1005.00,1097.00,2102.00,1097,1005,0.00,0.00,0,0
1612033955.587481,s1-eth2,66330.00,6030922.00,6097252.00,6030922,66330,1005.00,1097.00,2102.00,1097,1005,0.00,0.00,0,0
1612033955.587491,eth0,0.00,0.00,0.00,0,0,0.00,0.00,0.00,0,0,0.00,0.00,0,0
1612033955.587498,total,18291892.00,18287412.00,36579304.00,18287412,18291892,6308.00,6306.00,12614.00,6306,6308,0.00,0.00,0,0
1612033956.587814,s3-eth1,3921972.00,42900.00,3964872.00,42900,3921972,714.00,650.00,1364.00,650,714,0.00,0.00,0,0
1612033956.587861,s2-eth1,3897026.00,42900.00,3939926.00,42900,3897026,709.00,650.00,1359.00,650,709,0.00,0.00,0,0
1612033956.587893,s1-eth1,3897026.00,42900.00,3939926.00,42900,3897026,709.00,650.00,1359.00,650,709,0.00,0.00,0,0
1612033956.587908,lo,0.00,0.00,0.00,0,0,0.00,0.00,0.00,0,0,0.00,0.00,0,0
1612033956.587919,s3-eth2,42900.00,3908742.00,3951642.00,3908742,42900,650.00,711.00,1361.00,711,650,0.00,0.00,0,0
1612033956.587958,s2-eth2,42900.00,3921972.00,3964872.00,3921972,42900,650.00,714.00,1364.00,714,650,0.00,0.00,0,0
1612033956.587973,s1-eth2,42900.00,3897026.00,3939926.00,3897026,42900,650.00,709.00,1359.00,709,650,0.00,0.00,0,0
1612033956.587987,eth0,0.00,0.00,0.00,0,0,0.00,0.00,0.00,0,0,0.00,0.00,0,0
1612033956.587996,total,11844724.00,11856440.00,23701164.00,11856440,11844724,4082.00,4084.00,8166.00,4084,4082,0.00,0.00,0,0
1612033957.589617,s3-eth1,3369109.00,51758.24,3420867.25,51810,3372478,834.17,784.22,1618.38,785,835,0.00,0.00,0,0
1612033957.589661,s2-eth1,3369109.00,51758.24,3420867.25,51810,3372478,834.17,784.22,1618.38,785,835,0.00,0.00,0,0
1612033957.589678,s1-eth1,3363256.75,51824.18,3415081.00,51876,3366620,833.17,785.21,1618.38,786,834,0.00,0.00,0,0
1612033957.589694,lo,0.00,0.00,0.00,0,0,0.00,0.00,0.00,0,0,0.00,0.00,0,0
1612033957.589705,s3-eth2,51758.24,3374961.25,3426719.25,3378336,51810,784.22,835.16,1619.38,836,785,0.00,0.00,0,0
1612033957.589748,s2-eth2,51758.24,3369109.00,3420867.25,3372478,51810,784.22,834.17,1618.38,835,785,0.00,0.00,0,0
1612033957.589769,s1-eth2,51758.24,3369109.00,3420867.25,3372478,51810,784.22,834.17,1618.38,835,785,0.00,0.00,0,0
1612033957.589784,eth0,0.00,0.00,0.00,0,0,0.00,0.00,0.00,0,0,0.00,0.00,0,0
1612033957.589794,total,10256750.00,10268520.00,20525270.00,10278788,10267006,4854.15,4857.14,9711.29,4862,4859,0.00,0.00,0,0
1612033958.590556,s3-eth1,4160800.00,58014.00,4218814.00,58014,4160800,932.00,879.00,1811.00,879,932,0.00,0.00,0,0
1612033958.590584,s2-eth1,4160734.00,58014.00,4218748.00,58014,4160734,931.00,879.00,1810.00,879,931,0.00,0.00,0,0
1612033958.590757,s1-eth1,4156577.50,57956.05,4214533.50,58014,4160734,930.07,878.12,1808.19,879,931,0.00,0.00,0,0
1612033958.590775,lo,0.00,0.00,0.00,0,0,0.00,0.00,0.00,0,0,0.00,0.00,0,0
1612033958.590783,s3-eth2,57956.05,4184853.25,4242809.50,4189038,58014,878.12,942.06,1820.18,943,879,0.00,0.00,0,0
1612033958.590815,s2-eth2,57956.05,4161049.00,4219005.00,4165210,58014,878.12,932.07,1810.19,933,879,0.00,0.00,0,0
1612033958.590828,s1-eth2,57956.05,4156577.50,4214533.50,4160734,58014,878.12,930.07,1808.19,931,879,0.00,0.00,0,0
1612033958.590839,eth0,0.00,0.00,0.00,0,0,0.00,0.00,0.00,0,0,0.00,0.00,0,0
1612033958.590846,total,12643667.00,12676348.00,25320014.00,12689024,12656310,5425.57,5438.56,10864.14,5444,5431,0.00,0.00,0,0
1612033959.591084,s3-eth1,3438376.00,54124.00,3492500.00,54124,3438376,890.00,820.00,1710.00,820,890,0.00,0.00,0,0
1612033959.591111,s2-eth1,3446804.00,54190.00,3500994.00,54190,3446804,886.00,821.00,1707.00,821,886,0.00,0.00,0,0
1612033959.591121,s1-eth1,3451936.00,54120.00,3506056.00,54120,3451936,876.00,820.00,1696.00,820,876,0.00,0.00,0,0
1612033959.591130,lo,1690.00,1690.00,3380.00,1690,1690,15.00,15.00,30.00,15,15,0.00,0.00,0,0
1612033959.591139,s3-eth2,54058.00,3419086.00,3473144.00,3419086,54058,819.00,883.00,1702.00,883,819,0.00,0.00,0,0
1612033959.591164,s2-eth2,54124.00,3433966.00,3488090.00,3433966,54124,820.00,889.00,1709.00,889,820,0.00,0.00,0,0
1612033959.591174,s1-eth2,54190.00,3446804.00,3500994.00,3446804,54190,821.00,886.00,1707.00,886,821,0.00,0.00,0,0
1612033959.591183,eth0,0.00,0.00,0.00,0,0,0.00,0.00,0.00,0,0,0.00,0.00,0,0
1612033959.591189,total,10501178.00,10463980.00,20965158.00,10463980,10501178,5127.00,5134.00,10261.00,5134,5127,0.00,0.00,0,0
1612033960.591420,s3-eth1,4594638.00,69762.00,4664400.00,69762,4594638,1099.00,1057.00,2156.00,1057,1099,0.00,0.00,0,0
1612033960.591445,s2-eth1,4586346.00,69696.00,4656042.00,69696,4586346,1105.00,1056.00,2161.00,1056,1105,0.00,0.00,0,0
1612033960.591454,s1-eth1,4587072.00,69630.00,4656702.00,69630,4587072,1116.00,1055.00,2171.00,1055,1116,0.00,0.00,0,0
1612033960.591462,lo,0.00,0.00,0.00,0,0,0.00,0.00,0.00,0,0,0.00,0.00,0,0
1612033960.591469,s3-eth2,69828.00,4585620.00,4655448.00,4585620,69828,1058.00,1094.00,2152.00,1094,1058,0.00,0.00,0,0
1612033960.591498,s2-eth2,69762.00,4594638.00,4664400.00,4594638,69762,1057.00,1099.00,2156.00,1099,1057,0.00,0.00,0,0
1612033960.591508,s1-eth2,69696.00,4586346.00,4656042.00,4586346,69696,1056.00,1105.00,2161.00,1105,1056,0.00,0.00,0,0
1612033960.591516,eth0,0.00,0.00,0.00,0,0,0.00,0.00,0.00,0,0,0.00,0.00,0,0
1612033960.591521,total,13977342.00,13975692.00,27953034.00,13975692,13977342,6491.00,6466.00,12957.00,6466,6491,0.00,0.00,0,0
1612033961.591786,s3-eth1,3257126.00,39468.00,3296594.00,39468,3257126,623.00,598.00,1221.00,598,623,0.00,0.00,0,0
1612033961.591928,s2-eth1,3276214.00,39468.00,3315682.00,39468,3276214,627.00,598.00,1225.00,598,627,0.00,0.00,0,0
1612033961.591940,s1-eth1,3258640.00,39468.00,3298108.00,39468,3258640,624.00,598.00,1222.00,598,624,0.00,0.00,0,0
1612033961.591951,lo,0.00,0.00,0.00,0,0,0.00,0.00,0.00,0,0,0.00,0.00,0,0
1612033961.591960,s3-eth2,39472.00,3273318.00,3312790.00,3273318,39472,598.00,627.00,1225.00,627,598,0.00,0.00,0,0
1612033961.591994,s2-eth2,39534.00,3257126.00,3296660.00,3257126,39534,599.00,623.00,1222.00,623,599,0.00,0.00,0,0
1612033961.592007,s1-eth2,39534.00,3276214.00,3315748.00,3276214,39534,599.00,627.00,1226.00,627,599,0.00,0.00,0,0
1612033961.592017,eth0,0.00,0.00,0.00,0,0,0.00,0.00,0.00,0,0,0.00,0.00,0,0
1612033961.592085,total,9910520.00,9925062.00,19835582.00,9925062,9910520,3670.00,3671.00,7341.00,3671,3670,0.00,0.00,0,0
1612033962.592713,s3-eth1,357794.00,8448.00,366242.00,8448,357794,113.00,128.00,241.00,128,113,0.00,0.00,0,0
1612033962.592749,s2-eth1,392942.00,8382.00,401324.00,8382,392942,119.00,127.00,246.00,127,119,0.00,0.00,0,0
1612033962.592761,s1-eth1,476468.00,8316.00,484784.00,8316,476468,134.00,126.00,260.00,126,134,0.00,0.00,0,0
1612033962.592771,lo,0.00,0.00,0.00,0,0,0.00,0.00,0.00,0,0,0.00,0.00,0,0
1612033962.592779,s3-eth2,8580.00,329886.00,338466.00,329886,8580,130.00,107.00,237.00,107,130,0.00,0.00,0,0
1612033962.592811,s2-eth2,8382.00,357794.00,366176.00,357794,8382,127.00,113.00,240.00,113,127,0.00,0.00,0,0
1612033962.592824,s1-eth2,8316.00,392942.00,401258.00,392942,8316,126.00,119.00,245.00,119,126,0.00,0.00,0,0
1612033962.592835,eth0,0.00,0.00,0.00,0,0,0.00,0.00,0.00,0,0,0.00,0.00,0,0
1612033962.593039,total,1252482.00,1105768.00,2358250.00,1105768,1252482,749.00,720.00,1469.00,720,749,0.00,0.00,0,0
1612033963.593872,s3-eth1,0.00,0.00,0.00,0,0,0.00,0.00,0.00,0,0,0.00,0.00,0,0
1612033963.594020,s2-eth1,0.00,0.00,0.00,0,0,0.00,0.00,0.00,0,0,0.00,0.00,0,0
1612033963.594030,s1-eth1,0.00,0.00,0.00,0,0,0.00,0.00,0.00,0,0,0.00,0.00,0,0
1612033963.594038,lo,0.00,0.00,0.00,0,0,0.00,0.00,0.00,0,0,0.00,0.00,0,0
1612033963.594045,s3-eth2,0.00,0.00,0.00,0,0,0.00,0.00,0.00,0,0,0.00,0.00,0,0
1612033963.594157,s2-eth2,0.00,0.00,0.00,0,0,0.00,0.00,0.00,0,0,0.00,0.00,0,0
1612033963.595271,s1-eth2,0.00,0.00,0.00,0,0,0.00,0.00,0.00,0,0,0.00,0.00,0,0
1612033963.595287,eth0,0.00,0.00,0.00,0,0,0.00,0.00,0.00,0,0,0.00,0.00,0,0
1612033963.595295,total,0.00,0.00,0.00,0,0,0.00,0.00,0.00,0,0,0.00,0.00,0,0
1612033964.595597,s3-eth1,0.00,0.00,0.00,0,0,0.00,0.00,0.00,0,0,0.00,0.00,0,0
1612033964.595630,s2-eth1,0.00,0.00,0.00,0,0,0.00,0.00,0.00,0,0,0.00,0.00,0,0
1612033964.595639,s1-eth1,0.00,0.00,0.00,0,0,0.00,0.00,0.00,0,0,0.00,0.00,0,0
1612033964.595647,lo,515.48,515.48,1030.97,516,516,8.99,8.99,17.98,9,9,0.00,0.00,0,0
1612033964.595658,s3-eth2,0.00,0.00,0.00,0,0,0.00,0.00,0.00,0,0,0.00,0.00,0,0
1612033964.595686,s2-eth2,0.00,0.00,0.00,0,0,0.00,0.00,0.00,0,0,0.00,0.00,0,0
1612033964.595696,s1-eth2,0.00,0.00,0.00,0,0,0.00,0.00,0.00,0,0,0.00,0.00,0,0
1612033964.595704,eth0,0.00,0.00,0.00,0,0,0.00,0.00,0.00,0,0,0.00,0.00,0,0
1612033964.595711,total,516.00,516.00,1032.00,516,516,9.00,9.00,18.00,9,9,0.00,0.00,0,0
1612033965.595916,s3-eth1,0.00,0.00,0.00,0,0,0.00,0.00,0.00,0,0,0.00,0.00,0,0
1612033965.595953,s2-eth1,0.00,0.00,0.00,0,0,0.00,0.00,0.00,0,0,0.00,0.00,0,0
1612033965.595963,s1-eth1,0.00,0.00,0.00,0,0,0.00,0.00,0.00,0,0,0.00,0.00,0,0
1612033965.595972,lo,0.00,0.00,0.00,0,0,0.00,0.00,0.00,0,0,0.00,0.00,0,0
1612033965.595992,s3-eth2,0.00,0.00,0.00,0,0,0.00,0.00,0.00,0,0,0.00,0.00,0,0
1612033965.596020,s2-eth2,0.00,0.00,0.00,0,0,0.00,0.00,0.00,0,0,0.00,0.00,0,0
1612033965.596031,s1-eth2,0.00,0.00,0.00,0,0,0.00,0.00,0.00,0,0,0.00,0.00,0,0
1612033965.596039,eth0,0.00,0.00,0.00,0,0,0.00,0.00,0.00,0,0,0.00,0.00,0,0
1612033965.596046,total,0.00,0.00,0.00,0,0,0.00,0.00,0.00,0,0,0.00,0.00,0,0
1612033966.596398,s3-eth1,0.00,0.00,0.00,0,0,0.00,0.00,0.00,0,0,0.00,0.00,0,0
1612033966.596425,s2-eth1,0.00,0.00,0.00,0,0,0.00,0.00,0.00,0,0,0.00,0.00,0,0
1612033966.596431,s1-eth1,0.00,0.00,0.00,0,0,0.00,0.00,0.00,0,0,0.00,0.00,0,0
1612033966.596438,lo,0.00,0.00,0.00,0,0,0.00,0.00,0.00,0,0,0.00,0.00,0,0
1612033966.596443,s3-eth2,0.00,0.00,0.00,0,0,0.00,0.00,0.00,0,0,0.00,0.00,0,0
1612033966.596463,s2-eth2,0.00,0.00,0.00,0,0,0.00,0.00,0.00,0,0,0.00,0.00,0,0
1612033966.596471,s1-eth2,0.00,0.00,0.00,0,0,0.00,0.00,0.00,0,0,0.00,0.00,0,0
1612033966.596477,eth0,0.00,0.00,0.00,0,0,0.00,0.00,0.00,0,0,0.00,0.00,0,0
1612033966.596482,total,0.00,0.00,0.00,0,0,0.00,0.00,0.00,0,0,0.00,0.00,0,0
1612033967.599097,s3-eth1,0.00,0.00,0.00,0,0,0.00,0.00,0.00,0,0,0.00,0.00,0,0
1612033967.599128,s2-eth1,0.00,0.00,0.00,0,0,0.00,0.00,0.00,0,0,0.00,0.00,0,0
1612033967.599137,s1-eth1,0.00,0.00,0.00,0,0,0.00,0.00,0.00,0,0,0.00,0.00,0,0
1612033967.599145,lo,0.00,0.00,0.00,0,0,0.00,0.00,0.00,0,0,0.00,0.00,0,0
1612033967.599153,s3-eth2,0.00,0.00,0.00,0,0,0.00,0.00,0.00,0,0,0.00,0.00,0,0
1612033967.599217,s2-eth2,0.00,0.00,0.00,0,0,0.00,0.00,0.00,0,0,0.00,0.00,0,0
1612033967.599231,s1-eth2,0.00,0.00,0.00,0,0,0.00,0.00,0.00,0,0,0.00,0.00,0,0
1612033967.599239,eth0,0.00,0.00,0.00,0,0,0.00,0.00,0.00,0,0,0.00,0.00,0,0
1612033967.599247,total,0.00,0.00,0.00,0,0,0.00,0.00,0.00,0,0,0.00,0.00,0,0
1612033968.601151,s3-eth1,0.00,0.00,0.00,0,0,0.00,0.00,0.00,0,0,0.00,0.00,0,0
1612033968.601315,s2-eth1,0.00,0.00,0.00,0,0,0.00,0.00,0.00,0,0,0.00,0.00,0,0
1612033968.601326,s1-eth1,0.00,0.00,0.00,0,0,0.00,0.00,0.00,0,0,0.00,0.00,0,0
1612033968.601335,lo,0.00,0.00,0.00,0,0,0.00,0.00,0.00,0,0,0.00,0.00,0,0
1612033968.601343,s3-eth2,0.00,0.00,0.00,0,0,0.00,0.00,0.00,0,0,0.00,0.00,0,0
1612033968.601481,s2-eth2,0.00,0.00,0.00,0,0,0.00,0.00,0.00,0,0,0.00,0.00,0,0
1612033968.601809,s1-eth2,0.00,0.00,0.00,0,0,0.00,0.00,0.00,0,0,0.00,0.00,0,0
1612033968.601831,eth0,0.00,0.00,0.00,0,0,0.00,0.00,0.00,0,0,0.00,0.00,0,0
1612033968.601841,total,0.00,0.00,0.00,0,0,0.00,0.00,0.00,0,0,0.00,0.00,0,0
1612033969.668257,s3-eth1,65.60,65.60,131.21,70,70,0.94,0.94,1.87,1,1,0.00,0.00,0,0
1612033969.668323,s2-eth1,65.60,0.00,65.60,0,70,0.94,0.00,0.94,0,1,0.00,0.00,0,0
1612033969.668332,s1-eth1,65.60,0.00,65.60,0,70,0.94,0.00,0.94,0,1,0.00,0.00,0,0
1612033969.668339,lo,1750.70,1750.70,3501.41,1868,1868,19.68,19.68,39.36,21,21,0.00,0.00,0,0
1612033969.668346,s3-eth2,65.60,65.60,131.21,70,70,0.94,0.94,1.87,1,1,0.00,0.00,0,0
1612033969.668369,s2-eth2,65.67,65.67,131.33,70,70,0.94,0.94,1.88,1,1,0.00,0.00,0,0
1612033969.668377,s1-eth2,0.00,65.67,65.67,70,0,0.00,0.94,0.94,1,0,0.00,0.00,0,0
1612033969.668384,eth0,0.00,0.00,0.00,0,0,0.00,0.00,0.00,0,0,0.00,0.00,0,0
1612033969.668388,total,2080.68,2015.01,4095.68,2148,2218,24.39,23.45,47.84,25,26,0.00,0.00,0,0
1612033970.668719,s3-eth1,0.00,0.00,0.00,0,0,0.00,0.00,0.00,0,0,0.00,0.00,0,0
1612033970.668745,s2-eth1,0.00,0.00,0.00,0,0,0.00,0.00,0.00,0,0,0.00,0.00,0,0
1612033970.668752,s1-eth1,0.00,0.00,0.00,0,0,0.00,0.00,0.00,0,0,0.00,0.00,0,0
1612033970.668758,lo,0.00,0.00,0.00,0,0,0.00,0.00,0.00,0,0,0.00,0.00,0,0
1612033970.668764,s3-eth2,0.00,0.00,0.00,0,0,0.00,0.00,0.00,0,0,0.00,0.00,0,0
1612033970.668784,s2-eth2,0.00,0.00,0.00,0,0,0.00,0.00,0.00,0,0,0.00,0.00,0,0
1612033970.668791,s1-eth2,0.00,0.00,0.00,0,0,0.00,0.00,0.00,0,0,0.00,0.00,0,0
1612033970.668797,eth0,0.00,0.00,0.00,0,0,0.00,0.00,0.00,0,0,0.00,0.00,0,0
1612033970.668802,total,0.00,0.00,0.00,0,0,0.00,0.00,0.00,0,0,0.00,0.00,0,0
